# 
7110.076      27.0     5.092     -4.02 
7110.208      24.1     4.069     -5.74 
7110.327      22.0     1.442     -1.95 
7110.390      25.1     6.666     -1.92 
7110.884      28.0     1.934     -3.00 
7110.923      20.0     5.792     -5.53 
7111.027      22.0     3.699     -0.66 
7111.235      26.0     5.301     -2.98 
7111.257      26.1     3.765     -7.05 
7111.270      20.0     6.009     -4.76 
7111.394      22.0     3.543     -3.01 
7111.414      20.0     5.916     -6.67 
7111.417      74.0     2.531     -2.18 
7111.446      26.0     5.008     -3.52 
7111.472       6.0     8.634     -0.81 
7111.629      27.0     4.146     -3.57 
7111.695      24.1     4.174     -5.35 
7111.705      40.0     0.519     -1.72 
7111.752      22.0     3.706     -1.53 
7111.791      20.0     5.927     -4.92 
7111.849      28.0     5.284     -3.08 
7111.852      25.1     7.047     -5.89 
7111.866      22.0     2.290     -4.84 
7111.926      24.0     2.706     -6.34 
7112.168      26.0     2.988     -3.09 
7112.367      24.0     5.901     -3.36 
7112.490      24.0     4.385     -4.20 
7112.833      40.0     1.481     -1.31 
7112.848      28.0     5.510     -2.42 
7112.955      27.0     4.912     -3.39 
7113.005      23.0     3.795     -4.53 
7113.170      58.0     1.218     -0.75 
7113.178       6.0     8.641     -0.35 
7113.201      14.0     5.959     -1.94 
7113.289   21.0045     1.864    -6.696 
7113.289   21.0045     1.864    -7.599 
7113.306   21.0045     1.864    -6.883 
7113.306   21.0045     1.864    -7.395 
7113.306   21.0045     1.864    -7.599 
7113.321   21.0045     1.864    -7.102 
7113.321   21.0045     1.864    -7.330 
7113.321   21.0045     1.864    -7.395 
7113.334   21.0045     1.864    -7.330 
7113.334   21.0045     1.864    -7.337 
7113.334   21.0045     1.864    -7.365 
7113.344   21.0045     1.864    -7.337 
7113.344   21.0045     1.864    -7.403 
7113.344   21.0045     1.864    -7.696 
7113.351      24.0     4.774     -2.53 
7113.351   21.0045     1.864    -7.403 
7113.351   21.0045     1.864    -7.541 
7113.351   21.0045     1.864    -8.143 
7113.356   21.0045     1.864    -7.541 
7113.356   21.0045     1.864    -7.821 
7113.356   21.0045     1.864    -8.842 
7113.359   21.0045     1.864    -7.821 
7113.496      14.0     6.218     -3.98 
7113.503      22.0     3.715     -0.35 
7113.537      20.0     6.009     -4.17 
7113.537      27.0     3.949     -3.35 
7113.567      40.0     1.549     -1.59 
7113.714      26.0     5.678     -3.66 
7113.724      78.0     2.300     -1.39 
7113.758      20.0     5.917     -4.44 
7113.785      20.0     5.951     -5.67 
7113.947      20.0     5.923     -4.40 
7113.972      27.0     4.912     -0.37 
7114.084      23.1     4.732     -3.85 
7114.183      26.1     6.133     -3.87 
7114.296      27.0     4.046     -2.60 
7114.549      26.0     2.690     -4.01 
7114.549      59.0     1.082     -0.12 
7114.620      20.0     5.951     -6.59 
7114.717      24.0     5.902     -3.03 
7114.733      26.0     5.442     -3.34 
7114.828      22.1     6.635     -4.25 
7114.838      20.0     5.989     -5.22 
7114.856      26.0     5.341     -3.59 
7115.085      58.1     1.769     -1.31 
7115.172       6.0     8.636     -0.71 
7115.172      20.0     5.960     -5.30 
7115.182       6.0     8.634     -1.55 
7115.258      26.0     4.603     -3.17 
7115.299      28.0     5.510     -0.93 
7115.365      24.1     4.070     -3.99 
7115.482      24.0     2.707     -5.43 
7115.851      26.0     2.849     -8.02 
7115.962      62.0     1.910      0.06 
7116.162      24.0     3.367     -4.48 
7116.423      23.1     6.852     -4.28 
7116.725      64.1     2.230     -1.26 
7116.751   21.0045     1.447    -6.496 
7116.751   21.0045     1.447    -6.563 
7116.751   21.0045     1.447    -7.195 
7116.760   21.0045     1.447    -6.300 
7116.760   21.0045     1.447    -6.300 
7116.760   21.0045     1.447    -7.040 
7116.775   21.0045     1.447    -6.096 
7116.775   21.0045     1.447    -6.195 
7116.775   21.0045     1.447    -7.040 
7116.794   21.0045     1.447    -5.926 
7116.794   21.0045     1.447    -6.148 
7116.794   21.0045     1.447    -7.137 
7116.801      26.0     5.330     -2.93 
7116.818   21.0045     1.447    -5.780 
7116.818   21.0045     1.447    -6.154 
7116.818   21.0045     1.447    -7.341 
7116.847   21.0045     1.447    -5.651 
7116.847   21.0045     1.447    -6.227 
7116.847   21.0045     1.447    -7.739 
7116.881   21.0045     1.447    -5.535 
7116.881   21.0045     1.447    -6.438 
7116.884      59.0     1.464     -0.04 
7116.915      57.1     0.916     -2.19 
7116.920   21.0045     1.447    -5.430 
7116.937      22.0     3.106     -4.16 
7116.991       6.0     8.641     -0.91 
7117.027      26.0     5.341     -3.54 
7117.082      20.0     5.923     -4.56 
7117.092      23.0     1.802     -6.23 
7117.299      22.0     3.696     -0.92 
7117.429      22.0     3.954     -2.74 
7117.447      62.1     1.758     -1.53 
7117.476      20.0     5.870     -4.16 
7117.517      26.0     5.533     -2.51 
7117.796      26.0     5.678     -3.32 
7117.801      27.0     4.912     -2.03 
7117.882      20.0     6.000     -5.97 
7118.096      26.0     5.006     -1.57 
7118.111      20.0     6.000     -5.12 
7118.283      20.0     5.927     -3.65 
7118.288      23.0     4.624     -3.76 
7118.411      24.0     5.071     -1.52 
7118.488      20.0     5.267     -4.66 
7118.533      26.0     5.583     -1.85 
7118.603       6.0     9.323     -4.19 
7118.843      64.1     2.309     -0.85 
7118.899      13.0     4.082     -2.80 
7119.018      23.1     3.121     -5.07 
7119.028      27.0     5.107     -3.49 
7119.327      41.0     1.489     -1.75 
7119.513      26.0     5.535     -3.02 
7119.515      72.0     2.218     -0.86 
7119.597      22.0     3.111     -2.42 
7119.656       6.0     8.636     -1.22 
7119.800      62.1     1.492     -1.12 