# 
7435.175      19.0     2.605     -2.61 
7435.219      20.0     6.035     -5.78 
7435.313      19.0     2.605     -2.91 
7435.363      24.1     6.681     -1.86 
7435.556      20.0     5.923     -6.29 
7435.556      27.0     2.540     -4.95 
7435.592      26.0     5.304     -1.01 
7436.394   21.0045     3.596    -5.303 
7436.405   21.0045     3.596    -5.303 
7436.405   21.0045     3.596    -5.479 
7436.420   21.0045     3.596    -5.139 
7436.420   21.0045     3.596    -5.604 
7436.420   21.0045     3.596    -5.729 
7436.441   21.0045     3.596    -5.131 
7436.441   21.0045     3.596    -5.165 
7436.441   21.0045     3.596    -6.157 
7436.466   21.0045     3.596    -4.882 
7436.466   21.0045     3.596    -5.292 
7436.497   21.0045     3.596    -4.666 
7436.590      63.0     2.696      0.27 
7436.661      20.0     4.765     -1.01 
7436.673      27.0     4.998     -3.47 
7436.841      20.0     6.013     -3.99 
7436.858      20.0     5.581     -2.85 
7437.138      27.0     1.954     -2.88 
7437.242      22.0     4.366     -1.87 
7437.602      20.0     5.581     -3.66 
7437.608      20.0     5.574     -6.32 
7437.608      72.0     1.746     -1.71 
7437.631      23.0     2.563     -4.89 
7437.710      22.0     3.572     -3.60 
7437.869      21.0     4.921     -2.52 
7437.869      21.0     4.921     -3.00 
7437.995      26.0     5.367     -3.70 
7438.012      25.0     4.723     -3.47 
7438.245      24.0     4.444     -4.39 
7438.442      22.0     3.713     -1.54 
7438.466      20.0     5.960     -4.23 
7438.548      58.0     0.552     -1.23 
7438.724   25.0055     2.185    -8.291 
7438.754   25.0055     2.185    -8.178 
7438.799   25.0055     2.185    -8.275 
7438.803   25.0055     2.185    -8.722 
7438.848   25.0055     2.185    -8.178 
7438.909   25.0055     2.185    -7.814 
7438.981      20.0     5.923     -3.26 
7439.158      25.0     4.885     -4.16 
7439.418      27.0     5.200     -3.81 
7439.467      58.1     2.039     -1.66 
7439.492      15.0     8.491     -0.50 
7439.536      26.0     5.315     -3.83 
7439.889      40.0     0.542     -1.81 
7439.955      69.1     2.506     -1.57 
7439.977      27.0     5.200     -3.52 
7440.238      24.1     4.407     -5.64 
7440.245      26.0     5.381     -2.18 
7440.310      20.0     6.036     -5.47 
7440.371      20.0     6.003     -4.84 
7440.484      58.0     0.274     -1.76 
7440.500      22.0     1.732     -3.30 
7440.577      22.0     2.254     -0.86 
7440.703      23.0     3.930     -4.22 
7440.703      25.0     6.122     -3.97 
7440.720      14.0     6.201     -4.48 
7440.814      24.0     5.978     -3.05 
7440.829      24.0     5.107     -1.84 
7440.912      26.0     4.909     -0.69 
7441.135      23.0     4.699     -4.38 
7441.251      15.0     8.315     -3.12 
7441.489      71.0     3.012     -0.31 
7441.681      15.0     8.435     -2.97 
7441.689      14.0     6.201     -4.03 
7441.797      26.0     5.016     -2.10 
7441.832      64.0     0.000     -2.38 
7441.877      24.1     4.771     -6.30 
7442.203      24.0     4.851     -2.04 
7442.203      26.0     5.750     -2.94 
7442.341   25.0055     2.177    -9.969 
7442.352   25.0055     2.177    -9.647 
7442.371   25.0055     2.177   -10.015 
7442.373      24.0     5.085     -3.94 
7442.375   25.0055     2.177    -9.823 
7442.376      45.0     3.575      0.12 
7442.394   25.0055     2.177    -9.492 
7442.420   25.0055     2.177   -10.191 
7442.428   25.0055     2.177    -9.413 
7442.455   25.0055     2.177    -9.471 
7442.488   25.0055     2.177   -10.571 
7442.500   25.0055     2.177    -9.140 
7442.533   25.0055     2.177    -9.617 
7442.589   25.0055     2.177    -8.928 
7442.705      26.0     5.716     -1.75 
7442.813      20.0     6.007     -5.99 
7442.964      20.0     5.877     -3.04 
7443.022      26.0     4.183     -1.82 
7443.248      16.0     8.409     -0.64 
7443.248      16.0     8.409     -1.50 
7443.248      16.0     8.409     -2.68 
7443.248      26.0     5.082     -1.93 
7443.340      23.1     4.648     -4.41 
7443.379      25.0     6.747     -3.58 
7443.423      27.0     5.058     -0.92 
7443.730   23.0051     2.357    -5.445 
7443.747   23.0051     2.357    -5.445 
7443.747   23.0051     2.357    -5.621 
7443.773   23.0051     2.357    -5.281 
7443.773   23.0051     2.357    -5.746 
7443.773   23.0051     2.357    -5.871 
7443.808   23.0051     2.357    -5.273 
7443.808   23.0051     2.357    -5.307 
7443.808   23.0051     2.357    -6.299 
7443.852   23.0051     2.357    -5.024 
7443.852   23.0051     2.357    -5.434 
7443.904   23.0051     2.357    -4.808 
7443.998      26.0     5.316     -3.75 
7444.060      28.1     6.641     -4.82 
7444.138      24.1     6.681     -4.07 
7444.433      58.0     0.294     -1.44 
7444.543      62.0     2.371      0.56 
7444.628      22.0     4.379     -3.23 
7444.660      26.0     4.730     -4.04 
7444.679      26.0     5.870     -3.43 
7444.733      28.0     5.490     -2.72 
7444.909      26.0     3.298     -6.34 
7444.947      23.0     2.614     -7.71 
7444.957      26.0     5.610     -4.05 