# 
9215.063      25.0     6.397     -3.75 
9215.110      24.0     5.467     -1.49 
9215.230      22.0     3.940     -3.39 
9215.573      24.0     4.398     -2.36 
9215.930      21.0     4.543     -2.98 
9216.635      23.0     2.914     -1.57 
9216.816      22.0     3.866     -3.24 
9216.946      26.0     5.738     -1.75 
9216.975      23.0     1.710     -6.80 
9217.025      26.0     2.756     -7.49 
9217.026      21.0     4.419     -3.92 
9217.118      26.1     3.941     -8.01 
9217.310      26.0     5.337     -3.35 
9217.325       3.0     3.831     -1.21 
9217.325       3.0     3.831     -1.47 
9217.325       3.0     3.831     -2.17 
9217.564      26.0     4.987     -0.92 
9217.850      25.1     6.900     -1.80 
9218.080      27.0     5.193     -1.28 
9218.369      26.0     5.066     -4.12 
9218.474      26.0     5.916     -2.49 
9218.921      23.0     4.228     -3.30 
9218.971      42.0     3.256     -2.00 
9219.107      28.0     5.627     -3.96 
9219.675      56.0     1.566     -1.10 
9219.881      22.0     2.331     -2.67 
9220.057      42.0     3.277     -1.09 
9220.120      24.1     4.771     -7.92 
9220.265      20.0     6.015     -5.55 
9220.443      20.0     6.015     -7.09 
9220.566      26.0     5.962     -3.50 
9220.920      24.0     4.443     -3.11 
9220.954      24.1     6.798     -1.96 
9220.979      23.0     3.281     -4.28 
9221.378      26.0     5.348     -2.97 
9221.609      23.0     1.941     -4.51 
9221.662      26.1     4.476     -6.93 
9221.736      21.0     4.543     -2.87 
9221.742      22.0     3.887     -3.47 
9221.949      25.0     6.898     -3.56 
9222.017      23.0     4.708     -3.16 
9222.183      15.0     8.150     -2.60 
9222.629      26.0     5.678     -2.88 
9222.977      28.0     5.443     -4.00 
9223.795      21.0     3.596     -3.14 
9224.055      22.0     3.125     -1.73 
9224.062      26.0     5.976     -1.45 
9224.141      26.0     4.952     -1.83 
9224.433      21.0     4.644     -0.89 
9224.678      24.0     6.049     -3.03 
9224.961      23.0     4.960     -4.06 
9224.970      23.0     1.711     -6.85 