# 
6153.174      25.0     6.407     -1.99 
6153.183      26.1     5.952     -3.88 
6153.348      22.1     6.530     -2.85 
6153.422      22.0     3.407     -1.52 
6153.461      24.0     3.889     -2.77 
6153.646      26.0     3.069     -4.94 
6153.814      74.0     2.385     -1.59 
6153.961      24.1     3.868     -4.18 
6154.117      22.0     3.109     -3.41 
6154.186      26.0     5.381     -2.75 
6154.226      11.0     2.101     -1.56 
6154.458      23.0     2.893     -1.10 
6154.464      26.0     5.016     -2.29 
6154.475      24.0     4.798     -1.81 
6154.488      73.0     1.236     -1.42 
6154.497      26.0     5.326     -3.77 
6154.602      20.0     5.724     -4.89 
6154.622   23.0051     2.121    -4.496 
6154.626   23.0051     2.121    -4.216 
6154.626   23.0051     2.121    -4.496 
6154.626   23.0051     2.121    -5.517 
6154.633   23.0051     2.121    -4.078 
6154.633   23.0051     2.121    -4.216 
6154.633   23.0051     2.121    -4.818 
6154.643   23.0051     2.121    -4.012 
6154.643   23.0051     2.121    -4.078 
6154.643   23.0051     2.121    -4.371 
6154.657   23.0051     2.121    -4.005 
6154.657   23.0051     2.121    -4.012 
6154.657   23.0051     2.121    -4.040 
6154.675   23.0051     2.121    -3.777 
6154.675   23.0051     2.121    -4.005 
6154.675   23.0051     2.121    -4.070 
6154.696   23.0051     2.121    -3.558 
6154.696   23.0051     2.121    -4.070 
6154.696   23.0051     2.121    -4.274 
6154.720   23.0051     2.121    -3.371 
6154.720   23.0051     2.121    -4.274 
6154.730   23.0051     2.241    -7.188 
6154.730   23.0051     2.241    -7.665 
6154.778   23.0051     2.241    -7.188 
6154.778   23.0051     2.241    -7.334 
6154.838      22.0     3.212     -2.49 
6154.840      74.0     2.193     -1.78 
6154.980      26.0     5.315     -3.77 
6155.046      60.0     1.477      0.28 
6155.134      14.0     5.615     -0.40 
6155.247      20.0     5.667     -5.63 
6155.254      26.1     5.565     -4.26 
6155.269      23.0     3.236     -3.94 
6155.557      40.0     1.581     -1.34 
6155.572      23.0     2.614     -3.21 
6155.693      14.0     5.615     -1.69 
6155.717      26.0     5.716     -4.16 
6155.955      24.1     7.380     -3.07 
6156.023      20.0     2.519     -2.20 
6156.074      24.0     5.751     -3.14 
6156.098      24.0     6.016     -4.04 
6156.132      60.0     1.129     -0.34 
6156.270      72.1     1.601     -2.90 
6156.371      26.0     3.394     -3.90 
6156.372      23.1     2.274     -6.85 
6156.379      20.0     5.574     -4.31 
6156.506      26.0     5.381     -3.43 
6156.607      23.1     3.796     -6.34 
6156.770      22.1     6.547     -2.19 
6156.805      26.0     4.952     -1.89 
6156.921      62.1     1.369     -2.05 
6156.986      25.1     6.135     -4.75 
6157.033      24.0     3.889     -3.83 
6157.046      22.0     3.389     -3.36 
6157.130      26.0     5.381     -3.69 
6157.144      22.0     2.159     -3.30 
6157.149      23.0     4.175     -4.21 
6157.348      22.0     2.675     -1.61 
6157.395      22.0     3.176     -3.17 
6157.433      26.0     3.298     -6.37 
6157.532      62.1     1.412     -1.55 
6157.583      22.0     3.176     -2.18 
6157.621      22.0     2.486     -4.77 
6157.672      24.0     5.651     -4.02 
6157.728      26.0     4.073     -1.26 
6157.733      40.0     2.431     -0.12 
6157.748      24.1     4.424     -4.43 
6157.786      23.0     1.042     -3.99 
6157.820      59.1     1.259     -1.34 
6157.822      60.1     0.550     -1.62 
6157.832      24.1     6.600     -2.39 
6157.953      76.0     4.312     -0.39 
6158.000      28.0     5.322     -2.29 
6158.019      26.1     6.212     -3.09 
6158.034      26.0     5.316     -2.56 
6158.239      42.0     4.050     -1.34 
6158.279      66.0     0.937     -1.36 
6158.382   25.0055     2.317   -10.263 
6158.382   25.0055     2.317   -10.907 
6158.399   25.0055     2.317   -10.209 
6158.399   25.0055     2.317   -10.710 
6158.399   25.0055     2.317   -10.907 
6158.422   25.0055     2.317   -10.103 
6158.422   25.0055     2.317   -10.654 
6158.422   25.0055     2.317   -10.710 
6158.429      42.0     2.913     -2.02 
6158.438      22.1     1.890     -4.24 
6158.451   25.0055     2.317    -9.979 
6158.451   25.0055     2.317   -10.654 
6158.451   25.0055     2.317   -10.695 
6158.486   25.0055     2.317    -9.851 
6158.486   25.0055     2.317   -10.695 
6158.486   25.0055     2.317   -10.885 
6158.514      27.0     2.135     -3.42 
6158.518      23.0     3.264     -2.49 
6158.524   23.0051     2.246    -6.115 
6158.524   23.0051     2.246    -6.115 
6158.524   23.0051     2.246    -6.416 
6158.526   25.0055     2.317    -9.726 
6158.526   25.0055     2.317   -10.885 
6158.547   23.0051     2.246    -5.951 
6158.547   23.0051     2.246    -5.977 
6158.547   23.0051     2.246    -6.291 
6158.577   23.0051     2.246    -5.694 
6158.577   23.0051     2.246    -5.943 
6158.577   23.0051     2.246    -6.541 
6158.615   23.0051     2.246    -5.478 
6158.615   23.0051     2.246    -6.104 
6158.615   23.0051     2.246    -6.969 
6158.757      23.1     4.513     -3.52 
6158.799      23.0     3.242     -1.37 
6158.825      73.0     2.154     -1.44 
6158.890      25.1     6.795     -3.84 
6158.961      22.0     2.159     -2.34 
6159.065      26.0     3.632     -4.11 
6159.100      59.1     1.162     -1.22 
6159.243      25.1     6.124     -5.64 
6159.374      26.0     4.604     -1.97 
6159.426      24.0     3.447     -1.88 
6159.467      26.0     4.984     -3.60 
6159.543      25.0     4.329     -3.49 
6159.573      62.0     0.282     -1.64 
6159.619      37.0     1.588     -1.60 
6159.628      24.0     6.178     -2.65 
6159.829      58.0     0.956     -0.49 
6159.833      26.0     5.269     -2.67 
6159.888      71.1     4.027      0.18 
6159.944      26.0     4.730     -4.33 
6159.956   25.0055     3.073    -9.513 
6159.967   25.0055     3.073    -9.380 
6159.967   25.0055     3.073   -10.024 
6159.983   25.0055     3.073    -9.250 
6159.983   25.0055     3.073    -9.836 
6159.983   25.0055     3.073   -11.121 
6160.005   25.0055     3.073    -9.128 
6160.005   25.0055     3.073    -9.781 
6160.005   25.0055     3.073   -10.990 
6160.032   25.0055     3.073    -9.015 
6160.032   25.0055     3.073    -9.819 
6160.032   25.0055     3.073   -11.087 
6160.047      27.0     2.135     -3.65 
6160.065   25.0055     3.073    -8.911 
6160.065   25.0055     3.073   -10.007 
6160.065   25.0055     3.073   -11.422 
6160.154      40.0     1.582     -1.43 
6160.329      26.0     5.330     -3.42 
6160.370      23.0     3.526     -4.28 
6160.385      24.1     4.380     -5.13 
6160.402      26.0     5.060     -4.00 
6160.421      22.0     3.177     -3.56 
6160.430      62.1     1.358     -1.27 
6160.567      24.1     4.140     -6.65 
6160.747      11.0     2.103     -1.26 
6160.755      26.1     5.566     -3.63 
6160.981      23.0     4.228     -4.33 
6161.013      28.0     5.016     -4.24 
6161.092      26.0     5.389     -2.81 
6161.115      26.0     4.648     -2.40 
6161.180      59.1     1.052     -0.20 
6161.297      20.0     2.521     -1.02 
6161.547      22.1     1.891     -5.67 
6161.767      28.0     5.299     -3.63 
6161.912   23.0051     0.017    -5.734 
6161.920   23.0051     0.017    -5.734 
6161.920   23.0051     0.017    -5.910 
6161.932   23.0051     0.017    -5.570 
6161.932   23.0051     0.017    -6.035 
6161.932   23.0051     0.017    -6.160 
6161.948   23.0051     0.017    -5.562 
6161.948   23.0051     0.017    -5.596 
6161.948   23.0051     0.017    -6.588 
6161.968   23.0051     0.017    -5.313 
6161.968   23.0051     0.017    -5.723 
6161.971      22.0     3.177     -2.65 
6161.980      23.1     2.599     -4.57 
6161.993   23.0051     0.017    -5.097 
6162.132      58.0     0.302     -1.14 
6162.173      20.0     1.897      0.10 
6162.297      14.0     5.949     -2.92 
6162.335   23.0051     2.245    -8.110 
6162.335   23.0051     2.245    -8.131 
6162.335   23.0051     2.245    -8.256 
6162.339   23.0051     2.245    -7.789 
6162.339   23.0051     2.245    -8.110 
6162.339   23.0051     2.245    -8.587 
6162.780      59.1     0.922     -0.28 
6162.831      23.1     2.898     -5.68 
6162.878      26.0     5.316     -3.82 
6162.947      24.0     4.782     -1.09 
6162.964      24.1     4.778     -4.52 
6162.985      22.0     3.438     -3.50 