# 
6313.036      27.0     3.626     -1.41 
6313.044      40.0     1.582      0.27 
6313.091      24.0     5.665     -3.87 
6313.184      15.0     8.221     -3.63 
6313.196      24.0     3.889     -1.78 
6313.232      22.0     2.248     -3.28 
6313.406      24.0     3.889     -1.61 
6313.574      40.1     2.488     -1.40 
6313.774      63.0     1.707     -0.97 
6313.929      23.1     2.368     -6.65 
6314.134      22.0     3.348     -1.82 
6314.272      23.0     3.264     -4.57 
6314.511      27.0     4.501     -0.70 
6314.615      26.0     5.066     -3.11 
6314.653      28.0     1.934     -1.77 
6314.659      28.0     4.150     -0.92 
6314.683      40.0     0.998     -1.93 
6314.695      24.0     4.609     -4.30 
6314.951      22.0     3.332     -3.24 
6314.978      26.0     5.060     -2.15 
6315.058      25.0     4.243     -1.40 
6315.098      24.1     4.153     -5.54 
6315.306      26.0     4.140     -1.23 
6315.412      26.0     4.140     -1.96 
6315.482      24.0     4.614     -4.16 
6315.712      27.0     2.540     -2.93 
6315.798      24.0     3.889     -1.26 
6315.812      26.0     4.076     -1.63 
6315.824      62.1     1.745     -1.73 
6315.892      23.0     2.682     -2.96 
6315.991      23.1     6.068     -2.03 
6316.180      42.0     2.079     -4.18 
6316.256      26.0     5.344     -3.70 
6316.307      26.1     2.853     -6.75 
6316.319      27.0     4.568     -3.26 
6316.486   23.0051     2.267    -8.751 
6316.493   23.0051     2.267    -8.466 
6316.493   23.0051     2.267    -8.721 
6316.507   23.0051     2.267    -8.278 
6316.507   23.0051     2.267    -8.721 
6316.507   23.0051     2.267    -8.772 
6316.527   23.0051     2.267    -8.187 
6316.527   23.0051     2.267    -8.333 
6316.527   23.0051     2.267    -8.897 
6316.555   23.0051     2.267    -8.078 
6316.555   23.0051     2.267    -8.165 
6316.555   23.0051     2.267    -9.119 
6316.574      28.0     4.150     -1.90 
6316.589   23.0051     2.267    -7.880 
6316.589   23.0051     2.267    -8.219 
6316.589   23.0051     2.267    -9.529 
6316.630   23.0051     2.267    -7.716 
6316.630   23.0051     2.267    -8.415 
6316.642      22.0     1.738     -3.00 
6316.678   23.0051     2.267    -7.575 
6316.712   21.0045     3.616    -2.449 
6316.712   21.0045     3.616    -2.516 
6316.712   21.0045     3.616    -3.148 
6316.714   21.0045     3.616    -2.253 
6316.714   21.0045     3.616    -2.253 
6316.714   21.0045     3.616    -2.993 
6316.717   21.0045     3.616    -2.049 
6316.717   21.0045     3.616    -2.148 
6316.717   21.0045     3.616    -2.993 
6316.722   21.0045     3.616    -1.879 
6316.722   21.0045     3.616    -2.101 
6316.722   21.0045     3.616    -3.090 
6316.728   21.0045     3.616    -1.733 
6316.728   21.0045     3.616    -2.107 
6316.728   21.0045     3.616    -3.294 
6316.735   21.0045     3.616    -1.604 
6316.735   21.0045     3.616    -2.180 
6316.735   21.0045     3.616    -3.692 
6316.743   21.0045     3.616    -1.488 
6316.743   21.0045     3.616    -2.391 
6316.752   21.0045     3.616    -1.383 
6316.865      22.0     2.425     -3.73 
6316.947   23.0051     1.929    -6.174 
6316.947   23.0051     1.929    -6.429 
6316.965   23.0051     1.929    -5.975 
6316.965   23.0051     1.929    -6.174 
6316.965   23.0051     1.929    -8.082 
6316.992   23.0051     1.929    -5.911 
6316.992   23.0051     1.929    -5.975 
6316.992   23.0051     1.929    -6.839 
6317.029   23.0051     1.929    -5.911 
6317.029   23.0051     1.929    -5.942 
6317.029   23.0051     1.929    -6.122 
6317.074   23.0051     1.929    -5.716 
6317.074   23.0051     1.929    -5.942 
6317.074   23.0051     1.929    -6.123 
6317.128   23.0051     1.929    -5.424 
6317.128   23.0051     1.929    -6.123 
6317.155      24.0     3.886     -1.83 
6317.182      64.0     0.124     -2.04 
6317.202      26.0     5.066     -3.47 
6317.230      66.1     0.540     -2.96 
6317.374      26.1     6.222     -2.40 
6317.456      27.0     3.927     -2.64 
6317.538      14.0     5.949     -3.68 
6317.554      22.0     4.100     -3.22 
6317.656      23.0     2.614     -1.06 
6317.676      25.1     6.828     -4.55 
6317.758      26.0     5.310     -4.18 
6317.780   23.0051     2.377    -4.674 
6317.795   23.0051     2.377    -4.995 
6317.795   23.0051     2.377    -5.141 
6317.807   23.0051     2.377    -4.995 
6317.807   23.0051     2.377    -5.472 
6317.816   23.0051     2.377    -5.016 
6317.983      26.1     5.507     -1.99 
6318.004      58.0     0.781     -1.36 
6318.018      26.0     2.452     -2.23 
6318.047      22.0     1.429     -1.89 
6318.109      20.0     4.427      0.70 
6318.115      59.1     0.922     -1.61 
6318.227      57.0     0.998     -1.45 
6318.283      23.0     2.576     -1.45 
6318.323      72.0     2.390     -1.39 
6318.355   23.0051     1.852    -3.771 
6318.355   23.0051     1.852    -3.967 
6318.362   23.0051     1.852    -3.746 
6318.362   23.0051     1.852    -3.757 
6318.362   23.0051     1.852    -3.967 
6318.365      78.0     4.565      0.08 
6318.373   23.0051     1.852    -3.619 
6318.373   23.0051     1.852    -3.643 
6318.373   23.0051     1.852    -3.746 
6318.387   23.0051     1.852    -3.452 
6318.387   23.0051     1.852    -3.600 
6318.387   23.0051     1.852    -3.643 
6318.404   23.0051     1.852    -3.283 
6318.404   23.0051     1.852    -3.600 
6318.404   23.0051     1.852    -3.611 
6318.425   23.0051     1.852    -3.124 
6318.425   23.0051     1.852    -3.611 
6318.425   23.0051     1.852    -3.688 
6318.450   23.0051     1.852    -2.976 
6318.450   23.0051     1.852    -3.688 
6318.450   23.0051     1.852    -3.903 
6318.465   21.0045     3.630    -2.023 
6318.465   21.0045     3.630    -2.475 
6318.465   21.0045     3.630    -3.475 
6318.467   21.0045     3.630    -1.905 
6318.467   21.0045     3.630    -2.264 
6318.467   21.0045     3.630    -3.268 
6318.469   21.0045     3.630    -1.787 
6318.469   21.0045     3.630    -2.168 
6318.469   21.0045     3.630    -3.240 
6318.472   21.0045     3.630    -1.675 
6318.472   21.0045     3.630    -2.132 
6318.472   21.0045     3.630    -3.320 
6318.474      24.1     3.851     -6.76 
6318.476   21.0045     3.630    -1.571 
6318.476   21.0045     3.630    -2.148 
6318.476   21.0045     3.630    -3.512 
6318.478   23.0051     1.852    -2.840 
6318.478   23.0051     1.852    -3.903 
6318.480   21.0045     3.630    -1.475 
6318.480   21.0045     3.630    -2.230 
6318.480   21.0045     3.630    -3.901 
6318.485   21.0045     3.630    -1.385 
6318.485   21.0045     3.630    -2.448 
6318.490   21.0045     3.630    -1.301 
6318.538      25.0     4.243     -2.89 
6318.558      27.0     3.729     -2.79 
6318.578      63.0     2.432     -0.46 
6318.656      26.1     2.805     -6.06 
6318.717      12.0     5.104     -1.73 
6318.721      26.0     5.096     -2.39 
6318.789      20.0     5.449     -3.77 
6319.088      24.0     5.745     -3.86 
6319.118      22.0     2.406     -3.73 
6319.137      23.0     3.252     -2.14 
6319.237      12.0     5.104     -1.95 
6319.238      26.0     5.326     -3.28 
6319.282      20.0     5.581     -3.13 
6319.457      23.0     3.264     -3.38 
6319.495      12.0     5.104     -2.43 
6319.517      45.0     1.576     -1.62 
6319.820      20.0     5.581     -2.76 
6319.968      24.0     3.844     -3.07 
6320.376      57.1     0.173     -1.61 
6320.384      20.0     5.574     -3.42 
6320.392      15.0     8.125     -3.01 
6320.395      24.0     3.836     -3.89 
6320.416      27.0     4.392     -0.17 
6320.502   23.0051     1.948    -5.031 
6320.508   23.0051     1.948    -4.751 
6320.508   23.0051     1.948    -5.031 
6320.508   23.0051     1.948    -6.052 
6320.520   23.0051     1.948    -4.613 
6320.520   23.0051     1.948    -4.751 
6320.520   23.0051     1.948    -5.353 
6320.538   23.0051     1.948    -4.547 
6320.538   23.0051     1.948    -4.613 
6320.538   23.0051     1.948    -4.906 
6320.561   23.0051     1.948    -4.540 
6320.561   23.0051     1.948    -4.547 
6320.561   23.0051     1.948    -4.575 
6320.591   23.0051     1.948    -4.312 
6320.591   23.0051     1.948    -4.540 
6320.591   23.0051     1.948    -4.605 
6320.627   23.0051     1.948    -4.093 
6320.627   23.0051     1.948    -4.605 
6320.627   23.0051     1.948    -4.809 
6320.668   23.0051     1.948    -3.906 
6320.668   23.0051     1.948    -4.809 
6320.832   21.1045     1.499    -2.364 
6320.839      25.0     4.350     -3.61 
6320.839   21.1045     1.499    -2.560 
6320.850   21.1045     1.499    -2.560 
6320.857   21.1045     1.499    -3.745 
6320.862   21.1045     1.499    -2.564 
6320.871   21.1045     1.499    -2.564 
6320.876   21.1045     1.499    -2.819 
6320.897      26.0     5.474     -3.77 
6321.025   21.0045     3.596    -4.914 
6321.025   21.0045     3.596    -5.169 
6321.033   21.0045     3.596    -4.715 
6321.033   21.0045     3.596    -4.914 
6321.033   21.0045     3.596    -6.822 
6321.044   21.0045     3.596    -4.651 
6321.044   21.0045     3.596    -4.715 
6321.044   21.0045     3.596    -5.579 
6321.059   21.0045     3.596    -4.651 
6321.059   21.0045     3.596    -4.682 
6321.059   21.0045     3.596    -4.862 
6321.077   21.0045     3.596    -4.456 
6321.077   21.0045     3.596    -4.682 
6321.077   21.0045     3.596    -4.863 
6321.100   21.0045     3.596    -4.164 
6321.100   21.0045     3.596    -4.863 
6321.219      60.0     1.041     -0.55 
6321.243      24.0     5.804     -2.46 
6321.267      23.0     3.313      0.14 
6321.343      40.0     1.529     -1.20 
6321.563      65.1     1.512     -0.92 
6321.735      62.1     1.707     -1.48 
6321.831      23.1     4.700     -2.45 
6321.903      75.0     3.579      0.37 
6321.983   21.0045     3.605    -2.639 
6321.985   21.0045     3.605    -2.354 
6321.985   21.0045     3.605    -2.609 
6321.988      20.0     5.792     -5.77 
6321.989   21.0045     3.605    -2.166 
6321.989   21.0045     3.605    -2.609 
6321.989   21.0045     3.605    -2.660 
6321.995   21.0045     3.605    -2.075 
6321.995   21.0045     3.605    -2.221 
6321.995   21.0045     3.605    -2.785 
6322.003   21.0045     3.605    -1.966 
6322.003   21.0045     3.605    -2.053 
6322.003   21.0045     3.605    -3.007 
6322.013   21.0045     3.605    -1.768 
6322.013   21.0045     3.605    -2.107 
6322.013   21.0045     3.605    -3.417 
6322.025   21.0045     3.605    -1.604 
6322.025   21.0045     3.605    -2.303 
6322.039   21.0045     3.605    -1.463 
6322.043      14.0     5.858     -3.70 
6322.164      28.0     4.150     -1.17 
6322.179      26.0     4.792     -3.00 
6322.249      20.0     5.045     -3.61 
6322.365      92.1     0.000     -3.28 
6322.376   25.0055     2.296   -11.194 
6322.391   25.0055     2.296   -11.061 
6322.391   25.0055     2.296   -11.705 
6322.413   25.0055     2.296   -10.931 
6322.413   25.0055     2.296   -11.517 
6322.413   25.0055     2.296   -12.802 
6322.442   25.0055     2.296   -10.809 
6322.442   25.0055     2.296   -11.462 
6322.442   25.0055     2.296   -12.671 
6322.479   25.0055     2.296   -10.696 
6322.479   25.0055     2.296   -11.500 
6322.479   25.0055     2.296   -12.768 
6322.514      62.0     1.712     -0.38 
6322.522   25.0055     2.296   -10.592 
6322.522   25.0055     2.296   -11.688 
6322.522   25.0055     2.296   -13.103 
6322.570      24.0     3.887     -1.80 
6322.685      26.0     2.586     -2.43 
6322.746      24.1     6.798     -4.20 
6322.876      22.0     3.455     -4.06 
6322.934      27.0     3.629     -2.41 