# 
4851.929      24.0     3.963     -2.24 
4852.012      27.0     2.540     -6.29 
4852.149      73.0     1.357     -1.70 
4852.161      25.1     6.828     -4.45 
4852.258      26.0     4.188     -4.17 
4852.467      23.1     5.476     -2.50 
4852.547      28.0     3.539     -1.07 
4852.624      58.0     0.384     -0.46 
4852.626      58.0     0.772     -0.07 
4852.677      39.0     1.373      0.12 
4852.683      24.0     5.090     -3.20 
4852.756      27.0     2.540     -4.90 
4852.864      90.0     2.009     -0.52 
4852.873      22.0     1.878     -6.29 
4852.877      23.0     2.576     -3.21 
4852.878      24.0     2.965     -5.44 
4853.242      23.0     2.682     -5.56 
4853.272      28.0     3.895     -1.94 
4853.316      60.0     0.140     -0.51 
4853.336      27.0     3.772     -3.26 
4853.498      24.0     2.706     -3.75 
4853.590      27.0     4.256     -3.79 
4853.597      58.0     0.410     -0.48 
4853.607      23.0     2.965     -2.83 
4853.779      28.0     3.541     -1.57 
4853.831      26.0     4.603     -4.24 
4853.917      24.0     3.367     -3.30 
4853.926      22.0     2.675     -1.07 
4853.973      26.0     4.412     -4.16 
4854.074      74.0     1.654     -1.75 
4854.114      25.0     3.769     -3.60 
4854.176      26.0     4.590     -2.86 
4854.252      39.0     1.886     -0.03 
4854.285      26.0     4.214     -4.28 
4854.314      27.0     4.256     -4.10 
4854.333      26.0     4.555     -2.66 
4854.370      62.1     0.378     -1.25 
4854.377      22.0     3.421     -3.40 
4854.481      26.0     4.470     -4.34 
4854.547      23.1     6.473     -3.30 
4854.547      44.0     3.260     -0.30 
4854.578   25.0055     3.856    -1.850 
4854.578   25.0055     3.856    -2.214 
4854.578   25.0055     3.856    -2.758 
4854.583      23.0     2.073     -4.43 
4854.586      20.0     4.760     -3.12 
4854.629   25.0055     3.856    -2.214 
4854.629   25.0055     3.856    -2.311 
4854.629   25.0055     3.856    -2.327 
4854.675      25.0     4.824     -3.46 
4854.738      22.0     2.238     -1.31 
4854.867      39.1     0.992     -0.38 
4854.876      26.0     4.183     -1.35 
4854.899      26.0     4.140     -2.04 
4854.932      20.0     5.987     -4.79 
4854.946      57.0     1.138     -0.85 
4855.030      24.0     3.373     -3.58 
4855.041      38.0     2.250     -0.53 
4855.106      24.0     5.213     -1.79 
4855.135      28.0     3.737     -2.37 
4855.154      24.0     2.707     -3.89 
4855.224      27.0     0.513     -5.39 
4855.306      60.0     0.140     -0.51 
4855.324      23.0     2.682     -8.25 
4855.344      23.0     2.721     -6.88 
4855.406      28.0     3.539      0.00 
4855.426      24.0     4.528     -2.83 
4855.437      26.0     4.581     -3.04 
4855.451      26.1     2.853     -5.58 
4855.548      26.1     2.702     -4.27 
4855.618      27.0     3.949     -2.47 
4855.673      26.0     3.366     -1.63 
4855.702      24.0     3.009     -3.34 
4855.880      25.0     4.791     -2.37 
4855.904      22.1     3.092     -1.40 
4856.010      22.0     2.254      0.52 
4856.054      24.1     5.658     -3.95 
4856.054      26.0     4.730     -4.00 
4856.083      24.0     5.076     -3.52 
4856.088      26.0     4.280     -2.95 
4856.092      19.0     1.609     -2.62 
4856.124      20.0     5.045     -3.32 
4856.186      24.1     3.851     -2.26 
4856.188      64.0     1.448     -0.27 
4856.250      66.1     2.420     -0.53 
4856.257      25.0     4.432     -3.65 
4856.551      23.0     2.636     -1.41 
4856.592      23.1     6.474     -4.29 
4856.612      22.0     2.115     -4.54 
4856.641      26.0     4.188     -2.76 
4856.698      27.0     4.172     -1.79 
4856.713      39.0     1.917     -0.37 
4856.730      64.0     2.076      0.51 
4856.800      21.1     4.875     -1.53 
4856.819      15.0     7.398     -2.60 
4856.928      24.0     4.529     -1.82 
4856.956      22.0     2.660     -3.02 
4856.958      25.1     5.563     -5.33 
4857.057      23.0     2.129     -1.81 
4857.181      24.0     5.213     -0.93 
4857.257      22.0     2.295     -2.77 
4857.269      25.0     5.195     -3.31 
4857.299      24.0     2.708     -2.92 
4857.361      59.0     0.549     -0.30 
4857.387      28.0     3.737     -1.20 
4857.435      68.0     1.068     -0.10 
4857.456      22.0     2.675     -0.50 
4857.490      28.0     3.541     -3.11 
4857.519      25.0     3.370     -4.15 
4857.568   23.0051     1.080    -4.908 
4857.577   23.0051     1.080    -5.049 
4857.577   23.0051     1.080    -5.748 
4857.584   23.0051     1.080    -5.213 
4857.584   23.0051     1.080    -5.552 
4857.584   23.0051     1.080    -6.862 
4857.590   23.0051     1.080    -5.411 
4857.590   23.0051     1.080    -5.498 
4857.590   23.0051     1.080    -6.452 
4857.595      24.1     6.681     -2.18 
4857.595   23.0051     1.080    -5.520 
4857.595   23.0051     1.080    -5.666 
4857.595   23.0051     1.080    -6.230 
4857.599   23.0051     1.080    -5.611 
4857.599   23.0051     1.080    -6.054 
4857.599   23.0051     1.080    -6.105 
4857.602   23.0051     1.080    -5.799 
4857.602   23.0051     1.080    -6.054 
4857.603   23.0051     1.080    -6.084 
4857.613      24.0     3.977     -3.16 
4857.614      23.1     5.863     -4.34 
4857.616      23.1     3.325     -7.63 
4857.892      27.1     5.051     -3.94 