# 
4613.203      26.0     3.289     -1.67 
4613.233      26.0     4.431     -3.85 
4613.308      74.0     0.771     -2.08 
4613.342      67.0     1.038     -0.24 
4613.357      24.0     0.960     -1.65 
4613.376   57.1139     0.708    -1.283 
4613.379   57.1139     0.708    -1.772 
4613.381   57.1139     0.708    -2.471 
4613.386   57.1139     0.708    -1.576 
4613.388   57.1139     0.708    -1.656 
4613.390   57.1139     0.708    -2.031 
4613.394   57.1139     0.708    -2.031 
4613.395   57.1139     0.708    -1.776 
4613.397   57.1139     0.708    -1.760 
4613.404      23.0     2.053     -8.66 
4613.469      26.0     4.309     -4.00 
4613.487      27.1     5.051     -6.00 
4613.504      62.1     0.333     -2.06 
4613.511      24.0     3.119     -2.48 
4613.528      58.1     1.326     -1.53 
4613.657      26.0     4.590     -1.65 
4613.706      26.0     4.604     -2.37 
4613.755   21.0045     1.438    -5.675 
4613.756   21.0045     1.438    -5.395 
4613.756   21.0045     1.438    -5.675 
4613.756   21.0045     1.438    -6.696 
4613.760   21.0045     1.438    -5.257 
4613.760   21.0045     1.438    -5.395 
4613.760   21.0045     1.438    -5.997 
4613.764      26.0     4.730     -3.14 
4613.765   21.0045     1.438    -5.191 
4613.765   21.0045     1.438    -5.257 
4613.765   21.0045     1.438    -5.550 
4613.772   21.0045     1.438    -5.184 
4613.772   21.0045     1.438    -5.191 
4613.772   21.0045     1.438    -5.219 
4613.781   21.0045     1.438    -4.956 
4613.781   21.0045     1.438    -5.184 
4613.781   21.0045     1.438    -5.249 
4613.792   21.0045     1.438    -4.737 
4613.792   21.0045     1.438    -5.249 
4613.792   21.0045     1.438    -5.453 
4613.804   21.0045     1.438    -4.550 
4613.804   21.0045     1.438    -5.453 
4613.830      66.0     2.170      0.47 
4613.908      23.0     2.579     -2.23 
4613.909      26.0     4.635     -3.97 
4613.921      40.1     0.971     -1.52 
4613.962      26.0     4.603     -2.79 
4613.965      69.0     2.199     -0.06 
4613.972      40.1     0.971     -1.52 
4613.976      23.0     2.579     -4.22 
4614.006      27.0     3.968     -0.66 
4614.056      24.0     3.432     -2.58 
4614.107      22.0     2.229     -0.88 
4614.124      24.0     3.011     -3.03 
4614.130      23.0     2.741     -3.14 
4614.147      24.0     3.102     -5.01 
4614.205      26.0     3.298     -2.62 
4614.272      22.0     2.406     -1.50 
4614.335      22.0     2.479     -3.02 
4614.345      22.1     5.424     -4.72 
4614.381      26.0     4.590     -1.69 
4614.466      69.1     2.732     -0.46 
4614.497      64.0     0.841      0.26 
4614.511      24.0     3.847     -0.79 
4614.530      22.0     2.083     -5.20 
4614.581      28.0     3.594     -2.46 
4614.632      25.0     4.723     -3.08 
4614.679      75.0     2.147     -1.64 
4614.714      24.0     5.077     -4.24 
4614.731      24.0     3.367     -1.61 
4614.742      42.0     3.396     -1.33 
4614.813      23.0     2.676     -4.11 
4614.820      66.0     2.170      0.47 
4614.845      74.0     2.420     -1.13 
4614.888      24.1     5.666     -4.63 
4614.911      24.1     7.380     -3.49 
4614.972      24.0     4.156     -1.88 
4614.989      24.0     3.011     -4.51 
4615.063      57.0     0.896     -1.02 
4615.133      22.0     1.967     -4.24 
4615.185      58.0     0.000     -0.58 
4615.194      20.0     5.041     -4.51 
4615.204      26.0     4.590     -2.02 
4615.300      24.0     4.851     -3.83 
4615.390      28.0     4.102     -1.61 
4615.440      62.1     0.543     -0.69 
4615.565      26.0     4.577     -1.32 
4615.621      25.0     4.662     -1.23 
4615.661      24.0     3.884     -3.31 
4615.680      62.1     0.188     -0.84 
4615.730      26.0     4.590     -1.50 
4615.742      22.0     2.083     -5.70 
4615.866      68.1     2.287     -1.30 
4615.884      26.0     2.586     -5.45 
4615.930      60.1     1.120     -1.54 
4615.940      69.1     2.053     -0.35 
4616.124      24.0     0.982     -1.19 
4616.158      41.0     0.197     -1.26 
4616.169      22.1     5.419     -3.68 
4616.241      24.1     5.666     -1.64 
4616.247      22.0     3.106      0.15 
4616.263      23.0     2.038     -8.59 
4616.275      27.1     5.204     -2.28 
4616.378      77.0     1.514     -1.87 
4616.383      15.0     7.207     -2.00 
4616.463   23.0051     1.182    -2.258 
4616.463   23.0051     1.182    -2.579 
4616.463   23.0051     1.182    -3.056 
4616.473   23.0051     1.182    -2.579 
4616.473   23.0051     1.182    -2.600 
4616.473   23.0051     1.182    -2.725 
4616.490      62.1     0.000     -2.17 
4616.523      24.1     7.381     -2.48 
4616.570      27.0     1.709     -4.49 
4616.600      26.0     4.590     -0.99 
4616.612      62.0     0.498     -1.40 
4616.622      42.0     3.161     -1.32 
4616.629      24.1     4.069     -1.29 
4616.716      24.0     4.609     -0.87 
4616.730      60.1     0.380     -2.00 
4616.785      76.0     1.367     -1.67 
4616.814      22.0     2.159     -2.99 
4616.833   23.0051     1.944    -3.679 
4616.833   23.0051     1.944    -3.934 
4616.837   23.0051     1.944    -3.480 
4616.837   23.0051     1.944    -3.679 
4616.837   23.0051     1.944    -5.587 
4616.844   23.0051     1.944    -3.416 
4616.844   23.0051     1.944    -3.480 
4616.844   23.0051     1.944    -4.344 
4616.852   23.0051     1.944    -3.416 
4616.852   23.0051     1.944    -3.447 
4616.852   23.0051     1.944    -3.627 
4616.863   23.0051     1.944    -3.221 
4616.863   23.0051     1.944    -3.447 
4616.863   23.0051     1.944    -3.628 
4616.876   23.0051     1.944    -2.929 
4616.876   23.0051     1.944    -3.628 
4616.883      24.0     3.963     -3.61 
4617.269      22.0     1.748      0.44 
4617.269      66.1     0.589     -1.86 
4617.370      24.0     2.980     -2.67 
4617.563      24.0     4.528     -3.92 
4617.582      23.0     2.581     -1.94 
4617.639      42.0     3.315     -1.36 
4617.721      59.0     0.000     -0.78 
4617.808      25.1     6.107     -3.54 
4617.862      28.0     4.102     -0.53 
4617.881      24.1     5.666     -3.48 
4617.950      42.0     2.834     -1.47 
4617.961      28.0     3.765     -2.07 
4618.109      23.1     2.274     -3.79 
4618.224      62.0     0.387     -1.43 
4618.463      23.0     2.503     -3.73 
4618.519      23.1     5.533     -1.09 
4618.596      27.1     3.626     -4.78 
4618.645      26.0     4.730     -2.83 
4618.726      27.0     4.061     -3.83 
4618.757      26.0     2.947     -2.34 
4618.792      22.0     2.343     -2.49 
4618.799      23.0     1.050     -2.44 
4618.805      24.1     4.070     -1.00 
4618.819      22.0     3.291     -1.82 
4618.846      22.0     2.504     -5.76 
4618.882      25.0     4.709     -2.75 
4618.884      24.1     3.754     -4.22 
4618.921      24.0     4.529     -2.09 
4618.930      58.1     0.932     -1.50 
4619.032      22.0     2.675     -4.34 
4619.057      69.1     2.770     -0.48 