# 
5295.307   21.1045     1.356    -4.142 
5295.307   21.1045     1.356    -4.315 
5295.308   21.1045     1.356    -4.131 
5295.309   21.1045     1.356    -4.289 
5295.310   21.1045     1.356    -4.491 
5295.311      23.1     4.513     -2.35 
5295.311   21.1045     1.356    -6.239 
5295.312   21.1045     1.356    -4.813 
5295.313      26.0     4.412     -1.69 
5295.313   21.1045     1.356    -4.315 
5295.314   21.1045     1.356    -4.117 
5295.316   21.1045     1.356    -3.719 
5295.316   21.1045     1.356    -4.142 
5295.319   21.1045     1.356    -4.131 
5295.322   21.1045     1.356    -4.289 
5295.426       6.0     8.531     -2.81 
5295.455      42.0     2.513     -1.50 
5295.502      26.0     2.690     -5.24 
5295.639      46.0     4.451      0.51 
5295.673      76.0     2.009     -2.15 
5295.730      20.0     5.296     -4.42 
5295.776      22.0     1.066     -1.59 
5295.949      20.0     5.386     -5.75 
5296.090      26.0     4.298     -2.51 
5296.113      25.0     4.751     -2.87 
5296.175      26.0     4.987     -1.70 
5296.349      41.0     1.761     -1.49 
5296.419      24.0     3.887     -2.22 
5296.437      26.0     3.271     -6.85 
5296.539      24.0     3.123     -6.87 
5296.564      58.0     0.493      0.01 
5296.659      22.0     2.159     -3.15 
5296.660      24.1     6.863     -4.37 
5296.691      24.0     0.982     -1.36 
5296.724      22.0     2.173     -3.66 
5296.748      26.0     3.015     -5.87 
5296.806      40.0     0.998     -1.19 
5296.873      24.0     4.532     -3.08 
5296.913      42.0     2.985     -2.07 
5296.932       6.0     8.636     -2.64 
5296.949      27.0     3.250     -4.29 
5296.956      24.0     4.443     -2.83 
5296.984      42.0     2.595     -2.47 
5297.135      26.0     2.988     -5.82 
5297.229      22.0     1.872     -0.60 
5297.247      23.0     1.941     -4.71 
5297.367      25.0     5.380     -0.82 
5297.377      24.0     2.897      0.17 
5297.400      26.0     5.066     -4.00 
5297.425      22.0     3.106     -3.55 
5297.564      25.0     5.108     -3.70 
5297.590      26.0     3.015     -4.92 
5297.743      90.0     1.090     -1.23 
5297.802      42.0     2.596     -2.64 
5297.904      25.0     5.407      0.15 
5297.963      26.0     4.962     -3.05 
5298.016      24.0     2.897     -0.06 
5298.029      22.0     3.699     -3.31 
5298.040      72.1     1.890     -1.26 
5298.042      26.1     6.724     -3.77 
5298.042      42.0     2.678     -1.92 
5298.090      59.1     0.633     -0.45 
5298.100      26.0     4.987     -3.37 
5298.169      26.0     5.096     -1.57 
5298.190       6.0     8.634     -3.71 
5298.201      26.0     5.029     -0.76 
5298.211      22.0     3.699     -3.33 
5298.266      58.0     0.294     -0.76 
5298.272      24.0     0.982     -1.14 
5298.321      26.0     5.082     -1.00 
5298.419      22.0     2.504     -0.29 
5298.491      26.0     3.045     -6.44 
5298.494      24.0     2.897     -0.35 
5298.538      28.0     5.338     -0.04 
5298.585      64.0     1.266     -0.72 
5298.637      22.0     3.348     -3.97 
5298.642      27.1     3.418     -5.93 
5298.680      26.0     3.412     -4.94 
5298.776      26.0     3.639     -2.16 
5298.797      76.0     3.510     -0.38 
5298.847      25.0     5.380     -0.48 
5298.853      26.0     4.987     -1.04 
5298.881      60.0     0.140     -0.62 
5298.945      26.0     4.909     -3.03 
5298.998      24.0     4.452     -3.61 
5299.044      25.0     5.380     -1.70 
5299.068      24.0     4.444     -1.94 
5299.158      58.0     0.670     -0.70 
5299.198      62.0     0.101     -2.24 
5299.294      24.0     4.452     -1.75 
5299.758   23.0051     2.245    -5.715 
5299.758   23.0051     2.245    -5.736 
5299.758   23.0051     2.245    -5.861 
5299.762   23.0051     2.245    -5.394 
5299.762   23.0051     2.245    -5.715 
5299.762   23.0051     2.245    -6.192 
5299.850      72.1     1.601     -2.31 
5299.880   23.0051     2.246    -4.786 
5299.880   23.0051     2.246    -4.786 
5299.880   23.0051     2.246    -5.087 
5299.897   23.0051     2.246    -4.622 
5299.897   23.0051     2.246    -4.648 
5299.897   23.0051     2.246    -4.962 
5299.919   23.0051     2.246    -4.365 
5299.919   23.0051     2.246    -4.614 
5299.919   23.0051     2.246    -5.212 
5299.947   23.0051     2.246    -4.149 
5299.947   23.0051     2.246    -4.775 
5299.947   23.0051     2.246    -5.640 
5299.950      24.0     3.123     -5.43 
5299.973       6.0     8.641     -2.55 
5300.010      22.0     1.052     -2.30 
5300.125       6.0     8.531     -2.99 
5300.200      69.0     1.931     -0.65 
5300.300      66.1     0.540     -2.47 
5300.365      26.0     4.952     -1.94 
5300.403      26.0     4.590     -1.75 
5300.550       6.0     8.641     -4.19 
5300.594      23.0     2.614     -1.50 
5300.745      24.0     0.982     -2.00 
5300.746      24.0     3.889     -1.66 
5300.865      26.0     4.590     -2.81 
5300.870       6.0     8.634     -2.76 
5300.922      26.1     6.719     -2.58 
5300.943      70.1     4.648     -0.80 
5300.957      25.0     5.334     -3.76 
5301.008   27.0059     1.709    -3.245 
5301.013      78.0     4.557      0.75 
5301.017   27.0059     1.709    -2.546 
5301.026   27.0059     1.709    -3.064 
5301.034   27.0059     1.709    -2.838 
5301.041   27.0059     1.709    -3.033 
5301.043   27.0059     1.709    -3.245 
5301.048   27.0059     1.709    -3.244 
5301.052   27.0059     1.709    -3.097 
5301.056   27.0059     1.709    -3.064 
5301.058   27.0059     1.709    -3.961 
5301.062   27.0059     1.709    -3.296 
5301.065   27.0059     1.709    -3.033 
5301.065   27.0059     1.709    -5.201 
5301.070   27.0059     1.709    -3.551 
5301.071   27.0059     1.709    -3.097 
5301.073      23.0     1.710     -2.69 
5301.074   27.0059     1.709    -3.296 
5301.101      27.0     2.135     -1.75 
5301.261      67.0     0.000     -1.59 