# 
4939.873      24.0     3.847     -2.54 
4939.884      24.0     4.774     -2.08 
4939.923      20.0     6.030     -3.53 
4939.931      27.0     4.055     -2.75 
4939.980      20.0     6.030     -3.07 
4939.999      27.0     4.146     -1.11 
4940.295      59.0     0.171      0.16 
4940.311      22.0     3.567     -1.00 
4940.380      22.0     2.693     -1.83 
4940.388      58.0     0.552     -0.69 
4940.436      25.0     5.334     -0.88 
4940.480      20.0     5.014     -3.48 
4940.490      27.0     4.146     -2.72 
4940.558      23.1     6.517     -3.84 
4940.580      23.0     2.503     -6.44 
4940.585      25.1     5.490     -7.00 
4940.609       6.0     8.531     -2.92 
4940.623      22.0     2.675     -3.19 
4940.643      28.0     4.415     -3.85 
4940.790      20.0     6.031     -3.71 
4940.881      22.0     1.886     -2.86 
4940.927   23.0051     2.377    -2.587 
4940.927   23.0051     2.377    -3.213 
4940.927   23.0051     2.377    -4.078 
4940.936   23.0051     2.377    -2.803 
4940.936   23.0051     2.377    -3.052 
4940.936   23.0051     2.377    -3.650 
4940.944   23.0051     2.377    -3.060 
4940.944   23.0051     2.377    -3.086 
4940.944   23.0051     2.377    -3.400 
4940.949   23.0051     2.377    -3.224 
4940.949   23.0051     2.377    -3.224 
4940.949   23.0051     2.377    -3.525 
4940.969      22.0     1.979     -2.15 
4940.981      24.1     3.884     -3.09 
4941.303      22.0     0.825     -2.74 
4941.349      27.0     4.146     -0.98 
4941.379      23.1     6.779     -2.54 
4941.413      27.1     3.116     -5.87 
4941.515      41.0     1.499     -1.70 
4941.542      22.0     3.212     -3.42 
4941.571      22.0     2.159     -1.01 
4941.645      24.0     3.011     -2.50 
4941.663      42.0     3.209     -0.51 
4941.669      27.0     4.237     -1.32 
4941.698      22.0     2.675     -3.90 
4941.764      28.0     5.276     -3.23 
4941.928      28.0     3.603     -3.25 
4942.007      19.0     1.609     -2.81 
4942.109      23.0     2.706     -5.98 
4942.136      23.0     1.710     -2.08 
4942.322      71.0     0.247     -1.70 
4942.336      27.0     4.146     -1.71 
4942.354      42.0     4.325     -0.75 
4942.399   25.0055     2.886    -3.069 
4942.399   25.0055     2.886    -4.061 
4942.405   25.0055     2.886    -3.240 
4942.405   25.0055     2.886    -3.879 
4942.405   25.0055     2.886    -4.061 
4942.409   25.0055     2.886    -3.425 
4942.409   25.0055     2.886    -3.848 
4942.409   25.0055     2.886    -3.879 
4942.413   25.0055     2.886    -3.617 
4942.413   25.0055     2.886    -3.848 
4942.413   25.0055     2.886    -3.913 
4942.416   25.0055     2.886    -3.792 
4942.416   25.0055     2.886    -3.913 
4942.416   25.0055     2.886    -4.111 
4942.418   25.0055     2.886    -3.856 
4942.418   25.0055     2.886    -4.111 
4942.459      26.0     4.217     -1.41 
4942.496      24.0     0.941     -2.29 
4942.555      22.0     3.321     -3.09 
4942.589      26.0     4.253     -2.72 
4942.747      24.0     3.446     -3.47 
4942.801      23.0     2.636     -0.70 
4942.817   23.0051     2.121    -4.382 
4942.819   23.0051     2.121    -4.097 
4942.819   23.0051     2.121    -4.352 
4942.823   23.0051     2.121    -3.909 
4942.823   23.0051     2.121    -4.352 
4942.823   23.0051     2.121    -4.403 
4942.830   23.0051     2.121    -3.818 
4942.830   23.0051     2.121    -3.964 
4942.830   23.0051     2.121    -4.528 
4942.839   23.0051     2.121    -3.709 
4942.839   23.0051     2.121    -3.796 
4942.839   23.0051     2.121    -4.750 
4942.850   23.0051     2.121    -3.511 
4942.850   23.0051     2.121    -3.850 
4942.850   23.0051     2.121    -5.160 
4942.864   23.0051     2.121    -3.347 
4942.864   23.0051     2.121    -4.046 
4942.880   23.0051     2.121    -3.206 
4942.953      42.0     3.300     -1.74 
4942.957      76.0     1.907     -2.03 
4942.960      60.1     0.742     -1.13 
4943.064      90.0     0.355     -2.12 
4943.067      22.0     0.899     -3.07 
4943.175      25.0     5.345     -3.94 
4943.277      27.0     3.949     -1.99 
4943.345       6.0     8.531     -4.82 
4943.412      24.0     5.258     -2.68 
4943.541       6.0     8.641     -2.46 
4943.542   23.0051     2.357    -4.653 
4943.550   23.0051     2.357    -4.653 
4943.550   23.0051     2.357    -4.829 
4943.561   23.0051     2.357    -4.489 
4943.561   23.0051     2.357    -4.954 
4943.561   23.0051     2.357    -5.079 
4943.575       6.0     8.641     -3.37 
4943.577   23.0051     2.357    -4.481 
4943.577   23.0051     2.357    -4.515 
4943.577   23.0051     2.357    -5.507 
4943.596   23.0051     2.357    -4.232 
4943.596   23.0051     2.357    -4.642 
4943.601      26.1     2.340     -7.21 
4943.607   23.0051     2.364    -6.355 
4943.608   23.0051     2.364    -6.070 
4943.608   23.0051     2.364    -6.325 
4943.610   23.0051     2.364    -5.882 
4943.610   23.0051     2.364    -6.325 
4943.610   23.0051     2.364    -6.376 
4943.612   23.0051     2.364    -5.791 
4943.612   23.0051     2.364    -5.937 
4943.612   23.0051     2.364    -6.501 
4943.615   23.0051     2.364    -5.682 
4943.615   23.0051     2.364    -5.769 
4943.615   23.0051     2.364    -6.723 
4943.619   23.0051     2.357    -4.016 
4943.619   23.0051     2.364    -5.484 
4943.619   23.0051     2.364    -5.823 
4943.619   23.0051     2.364    -7.133 
4943.623   23.0051     2.364    -5.320 
4943.623   23.0051     2.364    -6.019 
4943.627      26.1     6.724     -4.44 
4943.629   23.0051     2.364    -5.179 
4943.720      26.1     7.392     -3.88 
4943.720      59.1     0.482     -1.52 
4943.761      25.1     5.832     -6.18 
4943.840      58.1     0.956     -1.42 
4943.899      60.1     0.204     -1.64 
4944.049      24.0     5.235     -2.10 
4944.094      22.0     3.548     -1.38 
4944.350      22.0     1.967     -2.21 
4944.356      22.0     2.406     -2.45 
4944.363      68.0     1.068     -0.15 
4944.434      23.0     1.711     -4.33 
4944.534      27.0     4.229     -3.39 
4944.546      25.0     3.376     -4.20 
4944.565      24.0     3.844     -0.84 
4944.618      58.1     1.007     -0.52 
4944.683      23.0     3.077     -2.66 
4944.690      64.1     1.657     -1.13 
4944.731      27.0     2.875     -2.55 
4944.800      23.0     1.710     -5.59 
4944.826      60.0     0.140      0.34 
4944.918      24.0     3.419     -4.60 
4944.943      24.0     5.517     -3.62 
4944.980      24.0     4.774     -3.92 
4944.989      23.0     1.375     -3.05 
4945.013      23.0     2.636     -3.03 
4945.062      23.1     3.325     -4.44 
4945.079      22.1     1.179     -5.88 
4945.190      20.0     5.014     -2.87 
4945.280      42.0     2.521     -2.25 
4945.282      27.0     4.501     -2.73 
4945.289      24.0     3.085     -4.12 
4945.302      26.0     3.015     -3.90 
4945.380      72.1     1.601     -2.30 
4945.443      28.0     3.793     -0.82 
4945.459      90.0     0.000     -2.48 
4945.463      28.1     4.029     -4.74 
4945.534      26.0     4.581     -4.27 
4945.547      24.1     6.600     -3.77 
4945.598      27.0     2.872     -2.71 
4945.627      23.0     2.682     -2.06 
4945.635      23.0     2.721     -6.52 
4945.636      26.0     4.206     -1.51 