# 
5342.812   23.0051     1.050    -6.406 
5342.812   23.0051     1.050    -6.655 
5342.812   23.0051     1.050    -6.663 
5342.812   23.0051     1.050    -6.689 
5342.812   23.0051     1.050    -6.827 
5342.812   23.0051     1.050    -6.827 
5342.812   23.0051     1.050    -7.003 
5342.812   23.0051     1.050    -7.128 
5342.812   23.0051     1.050    -7.253 
5342.813   23.0051     1.050    -6.190 
5342.813   23.0051     1.050    -6.816 
5342.813   23.0051     1.050    -7.681 
5342.819      24.0     5.699     -3.43 
5342.841      24.0     4.613     -2.50 
5342.886      22.0     3.724     -2.59 
5342.912      22.0     2.343     -2.28 
5342.929      26.0     5.082     -2.34 
5342.941   21.0045     0.000    -3.166 
5342.948   21.0045     0.000    -3.145 
5342.948   21.0045     0.000    -3.622 
5342.959   21.0045     0.000    -3.145 
5342.959   21.0045     0.000    -3.291 
5342.969      19.0     1.609     -2.18 
5342.971   21.0045     0.000    -2.824 
5343.009      64.0     1.400      0.40 
5343.064      27.0     2.875     -4.57 
5343.129      26.0     4.962     -3.21 
5343.226      25.1     6.640     -4.36 
5343.378      27.0     4.022     -0.26 
5343.388      24.0     4.609     -2.23 
5343.467      24.0     3.142     -5.92 
5343.581      90.0     0.457     -1.56 
5343.586      26.0     5.006     -3.11 
5343.629      60.0     1.350      0.05 
5343.705      28.0     3.793     -2.41 
5343.826      25.0     5.516     -1.23 
5343.832      26.0     4.987     -3.58 
5343.880      59.1     0.922     -1.01 
5343.932      27.0     4.392     -4.04 
5343.951      26.0     4.962     -2.92 
5343.972      26.0     5.029     -2.33 
5343.996      22.0     3.102     -2.40 
5344.158      41.0     0.348     -0.73 
5344.292      24.0     2.913     -3.69 
5344.334      26.0     2.690     -7.29 
5344.396      22.0     3.457     -0.50 
5344.429      25.0     5.380      0.51 
5344.486   23.0051     1.892    -3.445 
5344.486   23.0051     1.892    -3.621 
5344.509   23.0051     1.892    -3.320 
5344.509   23.0051     1.892    -3.445 
5344.539   23.0051     1.892    -3.320 
5344.539   23.0051     1.892    -3.434 
5344.539   23.0051     1.892    -3.639 
5344.560      27.0     4.022      0.10 
5344.578   23.0051     1.892    -3.023 
5344.578   23.0051     1.892    -3.434 
5344.585      24.0     3.884     -2.43 
5344.730      26.0     5.008     -2.71 
5344.756      24.0     3.447     -0.99 
5344.821      28.0     5.016     -3.87 
5344.963      23.0     3.265     -3.01 
5345.093      20.0     5.317     -6.37 
5345.120       6.0     8.764     -4.48 
5345.122      58.0     0.972     -0.41 
5345.123      64.0     0.812     -0.73 
5345.143      46.0     4.938     -0.25 
5345.186   23.0051     2.276    -7.055 
5345.187   23.0051     2.276    -6.792 
5345.187   23.0051     2.276    -6.988 
5345.189   23.0051     2.276    -6.588 
5345.189   23.0051     2.276    -6.792 
5345.189   23.0051     2.276    -7.687 
5345.191   23.0051     2.276    -6.418 
5345.191   23.0051     2.276    -6.687 
5345.191   23.0051     2.276    -7.532 
5345.194   23.0051     2.276    -6.272 
5345.194   23.0051     2.276    -6.640 
5345.194   23.0051     2.276    -7.532 
5345.197   23.0051     2.276    -6.143 
5345.197   23.0051     2.276    -6.646 
5345.197   23.0051     2.276    -7.629 
5345.201   23.0051     2.276    -6.027 
5345.201   23.0051     2.276    -6.719 
5345.201   23.0051     2.276    -7.833 
5345.206   23.0051     2.276    -5.922 
5345.206   23.0051     2.276    -6.930 
5345.206   23.0051     2.276    -8.231 
5345.406      24.0     3.885     -2.38 
5345.492      27.0     4.568     -3.28 
5345.538      24.0     3.461     -1.87 
5345.565      14.0     7.553     -4.60 
5345.655      70.1     4.339     -0.55 
5345.669      27.0     2.716     -4.34 
5345.682      64.0     0.124     -1.46 
5345.700      60.1     1.120     -0.77 
5345.796      24.0     1.003     -0.95 
5345.824      70.1     5.069     -0.53 
5345.854      15.0     7.207     -0.88 
5345.855      24.0     4.614     -3.03 
5345.976      12.0     5.104     -2.62 
5345.976      12.0     5.104     -2.84 
5345.976      12.0     5.104     -3.31 
5346.027      76.0     1.410     -3.01 
5346.043      14.0     5.615     -0.80 
5346.067      24.1     3.824     -2.65 
5346.164      24.0     4.774     -4.09 
5346.263      14.0     5.615     -1.95 
5346.275      72.1     3.526     -0.61 
5346.294      26.0     4.981     -4.32 
5346.332      26.0     3.600     -4.18 
5346.338      27.0     4.146     -2.01 
5346.347      25.0     5.401     -2.58 
5346.375      25.1     6.489     -2.44 
5346.500      69.1     2.419     -0.45 
5346.538      24.1     3.755     -2.95 
5346.547      58.0     0.274     -0.97 
5346.549      58.0     0.983     -0.26 
5346.571      26.1     3.228     -5.07 
5346.604      14.0     5.615     -2.04 
5346.647      23.1     3.970     -3.55 
5346.807      14.0     5.615     -4.22 
5347.044      90.1     2.729     -0.81 
5347.045      20.0     5.792     -8.13 
5347.071      28.0     4.150     -1.44 
5347.125      26.0     5.060     -0.94 
5347.127   23.0051     1.892    -4.085 
5347.150   23.0051     1.892    -4.064 
5347.150   23.0051     1.892    -4.541 
5347.181   23.0051     1.892    -4.064 
5347.181   23.0051     1.892    -4.210 
5347.194      22.0     3.348     -3.35 
5347.213      70.1     4.339     -0.25 
5347.219   23.0051     1.892    -3.743 
5347.290      26.0     5.066     -3.74 
5347.371      26.0     4.909     -1.83 
5347.494      27.0     4.146     -0.16 
5347.632   23.0051     1.858    -5.748 
5347.632   23.0051     1.858    -6.318 
5347.643   23.0051     1.858    -5.722 
5347.643   23.0051     1.858    -6.097 
5347.643   23.0051     1.858    -6.318 
5347.658   23.0051     1.858    -5.641 
5347.658   23.0051     1.858    -6.000 
5347.658   23.0051     1.858    -6.097 
5347.675   23.0051     1.858    -5.536 
5347.675   23.0051     1.858    -5.965 
5347.675   23.0051     1.858    -6.000 
5347.697   23.0051     1.858    -5.423 
5347.697   23.0051     1.858    -5.965 
5347.697   23.0051     1.858    -5.983 
5347.705      28.0     3.793     -2.04 
5347.722   23.0051     1.858    -5.309 
5347.722   23.0051     1.858    -5.983 
5347.722   23.0051     1.858    -6.067 
5347.750   23.0051     1.858    -5.198 
5347.750   23.0051     1.858    -6.067 
5347.750   23.0051     1.858    -6.288 
5347.783   23.0051     1.858    -5.091 
5347.783   23.0051     1.858    -6.288 
5347.809      58.1     0.740     -1.62 
5347.857      65.1     0.126     -2.06 
5348.009      24.0     3.886     -2.50 
5348.032      24.0     5.706     -3.49 
5348.043      26.0     5.389     -3.86 
5348.061      68.0     1.158     -0.31 
5348.074      62.0     0.036     -1.69 
5348.118   25.0055     3.376    -2.265 
5348.127   25.0055     3.376    -2.477 
5348.127   25.0055     3.376    -2.954 
5348.133   25.0055     3.376    -2.750 
5348.133   25.0055     3.376    -2.808 
5348.133   25.0055     3.376    -3.908 
5348.139   25.0055     3.376    -2.829 
5348.139   25.0055     3.376    -3.160 
5348.139   25.0055     3.376    -3.528 
5348.142   25.0055     3.376    -2.984 
5348.142   25.0055     3.376    -3.352 
5348.144   25.0055     3.376    -3.306 
5348.314      24.0     1.003     -1.21 
5348.338      23.1     6.312     -4.48 
5348.359      26.0     4.952     -1.93 
5348.400      72.1     1.869     -2.21 
5348.575      24.0     3.142     -5.63 
5348.592      25.1     5.986     -5.47 
5348.658   23.0051     1.852    -5.289 
5348.658   23.0051     1.852    -5.485 
5348.663   23.0051     1.852    -5.264 
5348.663   23.0051     1.852    -5.275 
5348.663   23.0051     1.852    -5.485 
5348.671      64.0     0.790     -0.38 
5348.671   23.0051     1.852    -5.137 
5348.671   23.0051     1.852    -5.161 
5348.671   23.0051     1.852    -5.264 
5348.681   23.0051     1.852    -4.970 
5348.681   23.0051     1.852    -5.118 
5348.681   23.0051     1.852    -5.161 
5348.694   23.0051     1.852    -4.801 
5348.694   23.0051     1.852    -5.118 
5348.694   23.0051     1.852    -5.129 
5348.709   23.0051     1.852    -4.642 
5348.709   23.0051     1.852    -5.129 
5348.709   23.0051     1.852    -5.206 
5348.726   23.0051     1.852    -4.494 
5348.726   23.0051     1.852    -5.206 
5348.726   23.0051     1.852    -5.421 
5348.732      62.0     1.667      0.25 
5348.746   23.0051     1.852    -4.358 
5348.746   23.0051     1.852    -5.421 
5348.770      26.0     5.060     -0.89 
5348.788      26.0     4.984     -1.39 