# 
6704.949      20.0     5.817     -4.54 
6705.102      26.0     4.607     -0.87 
6705.134      26.0     4.952     -2.48 
6705.643      24.0     5.838     -4.03 
6705.704      26.0     5.442     -2.89 
6705.895      26.0     2.756     -6.18 
6705.992      26.0     5.602     -4.17 
6706.051      58.1     1.837     -0.89 
6706.082      21.1     7.483     -1.50 
6706.222      24.1     4.940     -4.69 
6706.287      22.0     1.501     -3.03 
6706.379      73.0     1.872     -1.86 
6706.388      25.0     5.871     -2.08 
6706.721      24.1     7.381     -4.05 
6706.869      20.0     5.870     -3.96 
6706.880      26.1     5.952     -4.10 
6706.980      14.0     5.949     -2.48 
6707.070      26.0     5.269     -3.60 
6707.172      26.0     5.533     -3.10 
6707.180      24.1     4.294     -8.55 
6707.473      62.1     0.932     -2.38 
6707.518      23.0     2.741     -2.00 
6707.536      44.0     2.898     -1.24 
6707.566      55.0     1.796     -3.27 
6707.596      24.0     4.204     -2.67 
6707.749    3.0007     0.000    -0.804 
6707.749    3.0007     0.000    -0.804 
6707.749    3.0007     0.000    -1.202 
6707.771      20.0     5.792     -4.01 
6707.773    3.0007     0.000    -0.357 
6707.773    3.0007     0.000    -0.804 
6707.773    3.0007     0.000    -1.503 
6707.899    3.0007     0.000    -0.804 
6707.900    3.0007     0.000    -1.503 
6707.918    3.0006     0.000    -0.730 
6707.918    3.0006     0.000    -0.827 
6707.923    3.0007     0.000    -0.804 
6707.924    3.0006     0.000    -0.299 
6707.924    3.0006     0.000    -0.827 
6707.924    3.0006     0.000    -1.730 
6707.925    3.0007     0.000    -0.804 
6707.964      22.0     1.878     -6.90 
6708.069    3.0006     0.000    -0.827 
6708.070    3.0006     0.000    -1.730 
6708.074    3.0006     0.000    -0.730 
6708.075    3.0006     0.000    -0.827 
6708.110      23.0     1.217     -2.63 
6708.275      20.0     5.878     -6.10 
6708.282      26.0     4.984     -2.16 
6708.347      26.0     5.481     -1.75 
6708.534      26.0     5.554     -3.91 
6709.042      24.0     4.102     -4.09 
6709.058      26.0     5.006     -2.86 
6709.363      73.0     2.963     -0.87 
6709.480      57.0     0.373     -1.00 
6709.701      40.0     0.520     -2.63 
6709.791      25.1     6.640     -3.63 
6709.893      20.0     2.930     -3.17 
6710.087      58.0     0.384     -1.91 
6710.212      20.0     4.128     -7.86 
6710.318      26.0     1.484     -4.88 
6710.395      78.0     4.679      0.31 
6710.435      63.0     2.696     -0.08 
6710.769      24.1     4.070     -5.62 
6710.794      14.0     6.094     -3.15 