# 
6018.957      22.0     1.886     -3.78 
6018.993      90.1     1.876     -1.83 
6019.191      92.0     0.552     -1.75 
6019.366      26.0     3.571     -3.36 
6019.451      26.0     3.637     -5.10 
6019.465      56.0     1.119     -0.10 
6019.554      24.0     3.887     -3.34 
6019.577      24.0     3.844     -3.92 
6019.659      22.0     3.321     -3.02 
6019.683      25.0     4.329     -2.07 
6019.890      22.0     3.111     -2.84 
6019.897       6.0     8.636     -4.96 
6019.941      20.0     5.574     -4.41 
6020.040      24.0     3.011     -4.00 
6020.169      26.0     4.604     -0.27 
6020.605      58.0     0.515     -1.24 
6020.696      24.0     3.119     -4.19 
6020.717      73.0     1.209     -1.55 
6020.865      24.0     3.432     -4.52 
6020.991      28.0     5.359     -2.96 
6021.036      90.0     0.966     -1.71 
6021.123      64.0     0.841     -0.99 
6021.161      26.0     4.073     -4.33 
6021.165      28.0     5.276     -3.54 
6021.212      26.1     2.776     -6.93 
6021.260      24.0     3.844     -2.59 
6021.276      20.0     5.581     -4.15 
6021.413      26.1     3.228     -7.20 
6021.525      74.0     2.244     -1.43 
6021.739      62.1     1.374     -1.75 
6021.746   25.0055     3.073    -2.757 
6021.764      20.0     5.581     -4.78 
6021.772   25.0055     3.073    -1.539 
6021.774   25.0055     3.073    -2.405 
6021.789      26.0     2.196     -4.18 
6021.795   25.0055     3.073    -1.363 
6021.798   25.0055     3.073    -2.279 
6021.803   25.0055     3.073    -0.621 
6021.813      26.0     4.280     -4.01 
6021.813   25.0055     3.073    -1.337 
6021.817   25.0055     3.073    -2.359 
6021.821   25.0055     3.073    -0.761 
6021.827   25.0055     3.073    -1.404 
6021.834   25.0055     3.073    -0.919 
6021.837   25.0055     3.073    -1.580 
6021.843   25.0055     3.073    -1.103 
6021.847   25.0055     3.073    -1.325 
6021.847   25.0055     3.073    -1.610 
6021.916      24.0     3.844     -3.42 
6022.102      42.0     3.263     -1.47 
6022.229      14.0     5.858     -4.03 
6022.323      25.0     4.317     -3.28 
6022.357      22.0     3.145     -3.07 
6022.487      26.0     5.006     -2.64 
6022.563      68.0     1.068     -0.61 
6022.574      25.0     5.334     -4.08 
6022.643      23.0     2.682     -3.82 
6022.825      24.0     4.609     -4.30 
6023.014      24.0     3.854     -4.58 
6023.022      22.0     2.295     -5.13 
6023.140      63.0     1.875     -0.37 
6023.252      24.1     3.755     -6.95 
6023.304      26.1     5.565     -4.04 
6023.329      26.0     5.389     -2.83 
6023.407      39.0     0.000     -2.02 
6023.632      24.0     3.887     -2.85 
6023.839      26.0     5.060     -4.27 
6023.884      22.0     3.125     -3.19 
6024.058      26.0     4.545     -0.12 
6024.174      23.0     3.403     -0.11 
6024.195      58.0     0.396     -0.27 
6024.288      24.0     5.607     -4.07 
6024.327      23.0     2.580     -4.50 
6024.398      24.0     4.532     -4.06 
6024.432      23.0     3.526     -2.85 
6024.486      23.0     2.573     -4.44 