# 
5407.181      26.0     5.064     -1.98 
5407.186      24.0     3.847     -2.64 
5407.212      24.0     3.548     -4.01 
5407.239      26.0     3.684     -4.84 
5407.325   25.0055     2.141    -3.139 
5407.332   25.0055     2.141    -3.394 
5407.333   25.0055     2.141    -3.394 
5407.341   25.0055     2.141    -3.075 
5407.353   25.0055     2.141    -3.196 
5407.354   25.0055     2.141    -3.196 
5407.366   25.0055     2.141    -2.900 
5407.382      26.0     3.544     -2.83 
5407.382   25.0055     2.141    -3.131 
5407.384   25.0055     2.141    -3.131 
5407.400   25.0055     2.141    -2.708 
5407.420   25.0055     2.141    -3.162 
5407.422   25.0055     2.141    -3.162 
5407.442   25.0055     2.141    -2.523 
5407.468   25.0055     2.141    -3.344 
5407.469   25.0055     2.141    -3.344 
5407.481      26.0     4.073     -2.44 
5407.494   25.0055     2.141    -2.352 
5407.516      27.0     4.172     -1.70 
5407.539      27.1     3.405     -5.05 
5407.569      23.0     2.579     -4.48 
5407.574      40.0     0.730     -1.63 
5407.604      24.1     3.824     -2.09 
5407.653      90.0     1.387     -1.05 
5407.669      58.0     0.396     -0.94 
5407.961      27.0     4.392     -3.58 
5408.004      33.0     6.583      0.40 
5408.029      20.0     4.438     -3.40 
5408.066   27.0059     2.278    -3.407 
5408.083   27.0059     2.278    -2.996 
5408.099      20.0     5.295     -2.86 
5408.114   27.0059     2.278    -3.293 
5408.127   27.0059     2.278    -3.612 
5408.144   27.0059     2.278    -3.407 
5408.155   27.0059     2.278    -3.418 
5408.164   27.0059     2.278    -9.390 
5408.176   27.0059     2.278    -3.293 
5408.191      24.0     4.447     -3.79 
5408.191   27.0059     2.278    -3.594 
5408.200   27.0059     2.278    -3.418 
5408.362      58.0     0.802     -0.64 
5408.373      22.0     3.111     -3.25 
5408.445      22.0     0.835     -5.76 
5408.600      20.0     5.296     -5.46 
5408.803      25.1     6.124     -3.33 
5408.811      26.1     5.952     -2.39 
5408.812      23.0     3.275     -2.80 
5408.940      22.0     0.000     -3.84 
5408.960      24.0     3.847     -3.97 
5409.133      26.0     4.368     -1.30 
5409.136      26.0     4.792     -2.90 
5409.220      69.1     3.309     -0.84 
5409.229      58.1     1.102     -0.29 
5409.266      24.1     3.851     -5.09 
5409.608      22.0     1.886     -0.73 
5409.766      14.0     5.611     -1.52 
5409.783      24.0     1.029     -0.67 
5409.851      14.0     5.611     -0.69 
5409.861      26.0     4.590     -2.68 
5409.910      23.0     2.682     -4.00 
5409.974      28.0     5.493     -3.44 
5410.005   23.0051     1.944    -5.933 
5410.005   23.0051     1.944    -6.188 
5410.011   23.0051     1.944    -5.734 
5410.011   23.0051     1.944    -5.933 
5410.011   23.0051     1.944    -7.841 
5410.020   23.0051     1.944    -5.670 
5410.020   23.0051     1.944    -5.734 
5410.020   23.0051     1.944    -6.598 
5410.028   25.0055     2.939    -4.943 
5410.029   25.0055     2.939    -4.846 
5410.029   25.0055     2.939    -4.959 
5410.032   23.0051     1.944    -5.670 
5410.032   23.0051     1.944    -5.701 
5410.032   23.0051     1.944    -5.881 
5410.035   25.0055     2.939    -4.482 
5410.035   25.0055     2.939    -4.846 
5410.036   25.0055     2.939    -5.390 
5410.047   23.0051     1.944    -5.475 
5410.047   23.0051     1.944    -5.701 
5410.047   23.0051     1.944    -5.882 
5410.065   23.0051     1.944    -5.183 
5410.065   23.0051     1.944    -5.882 
5410.129      26.0     4.984     -1.98 
5410.233      92.0     0.530     -1.74 
5410.343   23.0051     2.364    -3.447 
5410.344   23.0051     2.364    -3.167 
5410.344   23.0051     2.364    -3.447 
5410.344   23.0051     2.364    -4.468 
5410.346   23.0051     2.364    -3.029 
5410.346   23.0051     2.364    -3.167 
5410.346   23.0051     2.364    -3.769 
5410.349   23.0051     2.364    -2.963 
5410.349   23.0051     2.364    -3.029 
5410.349   23.0051     2.364    -3.322 
5410.352   23.0051     2.364    -2.956 
5410.352   23.0051     2.364    -2.963 
5410.352   23.0051     2.364    -2.991 
5410.357   23.0051     2.364    -2.728 
5410.357   23.0051     2.364    -2.956 
5410.357   23.0051     2.364    -3.021 
5410.362   23.0051     2.364    -2.509 
5410.362   23.0051     2.364    -3.021 
5410.362   23.0051     2.364    -3.225 
5410.369   23.0051     2.364    -2.322 
5410.369   23.0051     2.364    -3.225 
5410.460      23.0     2.576     -7.43 
5410.490      26.0     3.637     -4.10 
5410.565      73.0     1.202     -2.31 
5410.574      24.1     3.861     -3.61 
5410.585      20.0     5.045     -3.19 
5410.714      26.0     4.981     -3.17 
5410.769      90.0     0.788     -1.70 
5410.864      23.1     4.002     -3.31 
5410.910      26.0     4.470      0.28 
5410.950      22.0     3.158     -3.65 
5411.001      22.0     2.479     -4.94 
5411.047      42.0     3.075     -2.13 
5411.084      25.1     6.107     -4.09 
5411.119      24.1     3.736     -8.84 
5411.175      22.0     3.152     -2.30 
5411.180      64.0     1.348     -0.71 
5411.214      28.0     4.086     -2.47 
5411.224      41.0     1.368     -1.95 
5411.372      26.0     5.016     -3.29 
5411.389      26.0     3.637     -3.38 
5411.397      62.0     0.387     -0.90 
5411.470      27.0     3.407     -4.00 
5411.514      20.0     5.960     -5.26 
5411.537      58.0     0.773     -0.67 
5411.540      59.1     0.508     -1.10 
5411.756      22.0     3.348     -3.73 
5411.761      58.0     0.398     -0.94 
5411.854      63.0     2.148     -0.14 
5411.860      23.0     2.682     -0.89 
5411.899   23.0051     2.357    -2.454 
5411.899   23.0051     2.357    -2.709 
5411.908   23.0051     2.357    -2.255 
5411.908   23.0051     2.357    -2.454 
5411.908   23.0051     2.357    -4.362 
5411.916      60.0     0.293     -0.95 
5411.922   23.0051     2.357    -2.191 
5411.922   23.0051     2.357    -2.255 
5411.922   23.0051     2.357    -3.119 
5411.940   23.0051     2.357    -2.191 
5411.940   23.0051     2.357    -2.222 
5411.940   23.0051     2.357    -2.402 
5411.959      14.0     5.615     -4.16 
5411.964   23.0051     2.357    -1.996 
5411.964   23.0051     2.357    -2.222 
5411.964   23.0051     2.357    -2.403 
5411.979      26.0     5.064     -1.75 
5411.991   23.0051     2.357    -1.704 
5411.991   23.0051     2.357    -2.403 
5412.075   23.0051     1.080    -5.009 
5412.086   23.0051     1.080    -5.150 
5412.086   23.0051     1.080    -5.849 
5412.096   23.0051     1.080    -5.314 
5412.096   23.0051     1.080    -5.653 
5412.096   23.0051     1.080    -6.963 
5412.103   23.0051     1.080    -5.512 
5412.103   23.0051     1.080    -5.599 
5412.103   23.0051     1.080    -6.553 
5412.110   23.0051     1.080    -5.621 
5412.110   23.0051     1.080    -5.767 
5412.110   23.0051     1.080    -6.331 
5412.114   23.0051     1.080    -5.712 
5412.114   23.0051     1.080    -6.155 
5412.114   23.0051     1.080    -6.206 
5412.118   23.0051     1.080    -5.900 
5412.118   23.0051     1.080    -6.155 
5412.119   23.0051     1.080    -6.185 
5412.144      76.0     2.606     -1.76 
5412.154      22.0     3.125     -3.93 
5412.200      23.0     3.880     -4.11 
5412.320      23.1     4.241     -4.20 
5412.498      24.0     3.432     -3.29 
5412.513      22.0     2.479     -3.46 
5412.558      26.0     4.581     -3.80 
5412.632      64.1     1.250     -1.70 
5412.669      22.0     2.479     -2.73 
5412.784      26.0     4.431     -1.89 