# 
4679.323      24.0     4.096     -3.04 
4679.412      58.1     0.495     -1.95 
4679.510      26.0     4.073     -3.15 
4679.629      26.0     4.730     -3.01 
4679.646      24.0     2.913     -4.89 
4679.691      22.0     2.479     -2.06 
4679.717      22.0     1.052     -2.93 
4679.891      24.1     3.755     -4.80 
4679.964      26.0     4.214     -2.56 
4680.044      25.0     5.083     -2.55 
4680.047      64.0     0.927      0.02 
4680.095      23.1     6.104     -2.94 
4680.119      58.1     1.057     -0.48 
4680.134      30.0     4.003     -0.81 
4680.182      27.0     2.875     -3.59 
4680.190      22.0     3.303     -2.79 
4680.204      25.0     4.191     -3.36 
4680.233      25.0     4.426     -3.96 
4680.295      26.0     1.607     -3.77 
4680.403      24.0     4.851     -4.36 
4680.417      22.0     3.405     -2.07 
4680.442      58.1     0.863     -1.21 
4680.467      26.0     2.856     -2.73 
4680.474      24.0     3.108     -0.77 
4680.513      74.0     0.598     -1.51 
4680.552      26.0     4.581     -2.20 
4680.554      23.0     2.579     -3.42 
4680.560      26.0     4.214     -3.17 
4680.584      28.0     3.830     -3.26 
4680.625      26.0     4.206     -4.03 
4680.646      90.1     0.764     -2.27 
4680.660      27.1     5.204     -2.78 
4680.735      27.0     4.018     -2.06 
4680.737      60.1     0.064     -1.26 
4680.841      26.0     4.151     -2.20 
4680.845      26.0     4.431     -3.77 
4680.853      24.0     3.090     -0.81 
4680.853      24.0     3.447     -1.63 
4680.875      23.0     1.871     -0.61 
4680.888      26.0     4.730     -1.70 
4680.904      26.0     4.604     -2.51 
4680.921      26.0     4.442     -3.49 
4680.986      58.1     1.365     -0.75 
4680.995      26.0     4.792     -3.29 
4681.035      42.0     3.779     -0.99 
4681.036      28.0     3.633     -3.38 
4681.039      25.0     5.130     -3.69 
4681.368      23.0     2.357     -3.72 
4681.401      22.1     5.419     -4.68 
4681.402      22.0     2.493     -1.70 
4681.439      26.0     4.581     -3.80 
4681.473      26.0     4.603     -1.15 
4681.554      62.0     0.185     -0.37 
4681.623      42.0     2.494     -2.28 
4681.628   23.0051     1.929    -4.882 
4681.628   23.0051     1.929    -5.137 
4681.628   23.0051     1.929    -5.167 
4681.638   23.0051     1.929    -4.694 
4681.638   23.0051     1.929    -4.749 
4681.638   23.0051     1.929    -5.137 
4681.653   23.0051     1.929    -4.494 
4681.653   23.0051     1.929    -4.603 
4681.653   23.0051     1.929    -5.188 
4681.673   23.0051     1.929    -4.296 
4681.673   23.0051     1.929    -4.581 
4681.673   23.0051     1.929    -5.313 
4681.697   23.0051     1.929    -4.132 
4681.697   23.0051     1.929    -4.635 
4681.697   23.0051     1.929    -5.535 
4681.727   23.0051     1.929    -3.991 
4681.727   23.0051     1.929    -4.831 
4681.727   23.0051     1.929    -5.945 
4681.785      44.0     1.138     -1.09 
4681.848      24.0     4.446     -1.60 
4681.874      73.0     0.249     -1.57 
4681.909      22.0     0.048     -1.07 
4681.921      69.0     1.087     -0.68 
4681.933      42.0     3.154     -1.83 
4682.017      14.0     7.224     -3.39 
4682.026      66.1     2.385     -0.18 
4682.059      20.0     5.983     -3.50 
4682.067      24.0     2.965     -4.89 
4682.093      22.0     3.334     -2.52 
4682.112      26.0     4.555     -1.03 
4682.238      42.0     2.678     -2.28 
4682.306      76.0     1.583     -2.29 
4682.307      28.0     3.652     -5.40 
4682.320      75.0     2.411     -1.10 
4682.325      39.1     0.408     -1.51 
4682.372      27.0     3.189     -0.36 
4682.491      22.0     0.812     -4.29 
4682.558      26.0     2.938     -3.13 
4682.660      41.0     2.065     -0.94 
4682.670      62.1     0.434     -1.56 
4682.710      62.1     0.248     -2.15 
4682.716      22.0     3.291     -2.81 
4682.761      23.0     2.576     -0.92 
4682.878      22.0     1.748     -8.37 
4682.976   23.0051     2.129    -5.471 
4682.976   23.0051     2.129    -5.667 
4682.982   23.0051     2.129    -5.446 
4682.982   23.0051     2.129    -5.457 
4682.982   23.0051     2.129    -5.667 
4682.991   23.0051     2.129    -5.319 
4682.991   23.0051     2.129    -5.343 
4682.991   23.0051     2.129    -5.446 
4683.003   23.0051     2.129    -5.152 
4683.003   23.0051     2.129    -5.300 
4683.003   23.0051     2.129    -5.343 
4683.017   23.0051     2.129    -4.983 
4683.017   23.0051     2.129    -5.300 
4683.017   23.0051     2.129    -5.311 
4683.035   23.0051     2.129    -4.824 
4683.035   23.0051     2.129    -5.311 
4683.035   23.0051     2.129    -5.388 
4683.055   23.0051     2.129    -4.676 
4683.055   23.0051     2.129    -5.388 
4683.055   23.0051     2.129    -5.603 
4683.072      64.0     0.880     -0.63 
4683.078   23.0051     2.129    -4.540 
4683.078   23.0051     2.129    -5.603 
4683.110      26.0     4.730     -3.10 
4683.284      24.0     4.774     -3.69 
4683.320      23.0     3.564     -3.23 
4683.326      22.0     3.317     -2.75 
4683.337      64.0     0.985      0.30 
4683.390      23.0     2.563     -5.50 
4683.403      22.0     3.282     -2.90 
4683.438      40.0     1.529     -0.18 
4683.443      60.0     0.000      0.18 
4683.536      24.0     4.851     -2.86 
4683.539      74.0     2.456     -0.91 
4683.560      26.0     2.829     -2.53 
4683.638      26.0     4.730     -4.12 
4683.718      42.0     3.185     -1.58 
4683.811      70.1     4.010     -0.65 
4683.827      42.0     3.161     -1.33 
4683.836      25.1     5.832     -4.49 
4683.924      20.0     2.519     -5.82 
4683.964      27.0     2.716     -3.08 
4683.974      25.1     5.490     -7.27 
4684.022      44.0     1.002     -1.24 
4684.032      60.0     0.140     -0.26 
4684.099      26.0     3.298     -6.67 
4684.125      24.1     5.658     -3.26 
4684.174      26.0     2.422     -5.46 
4684.242      40.0     0.632     -1.63 
4684.255      22.0     3.196     -3.69 
4684.261      24.0     3.887     -3.29 
4684.270      70.0     3.400      0.02 
4684.288      25.1     5.344     -2.89 
4684.336      42.0     2.289     -2.37 
4684.415   23.0051     1.892    -2.633 
4684.415   23.0051     1.892    -2.633 
4684.415   23.0051     1.892    -2.934 
4684.432   23.0051     1.892    -2.469 
4684.432   23.0051     1.892    -2.495 
4684.432   23.0051     1.892    -2.809 
4684.437      27.0     4.110     -2.88 
4684.456   23.0051     1.892    -2.212 
4684.456   23.0051     1.892    -2.461 
4684.456   23.0051     1.892    -3.059 
4684.485   23.0051     1.892    -1.996 
4684.485   23.0051     1.892    -2.622 
4684.485   23.0051     1.892    -3.487 
4684.508      22.0     2.159     -1.33 
4684.514      22.0     0.899     -6.13 
4684.592      24.0     3.077     -2.05 
4684.596      26.0     4.412     -2.25 
4684.598      58.1     0.904     -0.39 
4684.753      24.1     5.666     -3.77 
4684.800      26.0     3.632     -9.12 
4684.852      73.0     0.696     -2.19 
4684.854      24.0     3.553     -2.23 
4684.920      59.1     0.055     -1.48 
4684.949      26.0     3.299     -5.88 
4684.979      26.0     3.045     -5.34 
4685.024      26.0     2.843     -3.34 
4685.110      69.0     1.625     -0.51 
4685.128      41.0     1.368     -0.56 
4685.138   23.0051     1.868    -2.400 
4685.138   23.0051     1.868    -2.421 
4685.138   23.0051     1.868    -2.546 
4685.180   23.0051     1.868    -2.079 
4685.180   23.0051     1.868    -2.400 
4685.180   23.0051     1.868    -2.877 
4685.186      40.1     2.418     -0.90 
4685.212      58.1     0.869     -1.15 
4685.238      23.1     5.533     -3.67 
4685.254      23.1     1.686     -3.77 
4685.268      20.0     2.930     -0.88 
4685.269      73.0     1.146     -1.99 
4685.295      20.0     4.765     -2.91 