# 
4623.025      27.0     3.189     -1.39 
4623.032      24.0     4.532     -3.61 
4623.035      26.0     4.581     -3.79 
4623.073      22.0     2.238     -0.62 
4623.097      22.0     1.738      0.16 
4623.205   23.0051     0.286    -7.722 
4623.208   23.0051     0.286    -7.437 
4623.208   23.0051     0.286    -7.692 
4623.213   23.0051     0.286    -7.249 
4623.213   23.0051     0.286    -7.692 
4623.213   23.0051     0.286    -7.743 
4623.221   23.0051     0.286    -7.158 
4623.221   23.0051     0.286    -7.304 
4623.221   23.0051     0.286    -7.868 
4623.224      42.0     3.435     -1.65 
4623.232   23.0051     0.286    -7.049 
4623.232   23.0051     0.286    -7.136 
4623.232   23.0051     0.286    -8.090 
4623.246   23.0051     0.286    -6.851 
4623.246   23.0051     0.286    -7.190 
4623.246   23.0051     0.286    -8.500 
4623.256      23.0     2.614     -6.75 
4623.262   23.0051     0.286    -6.687 
4623.262   23.0051     0.286    -7.386 
4623.281   23.0051     0.286    -6.546 
4623.314      25.0     4.675     -1.43 
4623.354      24.0     4.102     -0.65 
4623.445      20.0     5.014     -6.22 
4623.448      42.0     3.165     -1.03 
4623.477      58.1     0.536     -1.87 
4623.578      26.0     4.412     -2.40 
4623.660      28.0     3.603     -3.91 
4623.680      74.0     2.036     -1.43 
4623.891      90.1     2.514     -0.53 
4623.926      23.1     5.863     -3.91 
4624.000   25.0055     3.132    -8.650 
4624.003   25.0055     3.132    -8.388 
4624.005   25.0055     3.132    -8.650 
4624.005   25.0055     3.132    -9.416 
4624.010   25.0055     3.132    -8.286 
4624.012   25.0055     3.132    -8.717 
4624.013   25.0055     3.132    -8.388 
4624.020   25.0055     3.132    -8.291 
4624.023   25.0055     3.132    -8.270 
4624.025   25.0055     3.132    -8.286 
4624.034   25.0055     3.132    -8.454 
4624.037   25.0055     3.132    -7.939 
4624.040      28.0     4.102     -2.60 
4624.040   25.0055     3.132    -8.291 
4624.055   25.0055     3.132    -7.676 
4624.058   25.0055     3.132    -8.454 
4624.067      23.0     2.682     -8.03 
4624.137      90.1     1.377     -1.71 
4624.217      27.0     4.055     -4.43 
4624.217      60.0     0.293     -0.61 
4624.232      42.0     3.614     -0.42 
4624.281      25.0     4.432     -2.32 
4624.330      24.0     5.085     -3.48 
4624.359   23.0051     1.948    -4.337 
4624.362   23.0051     1.948    -4.052 
4624.362   23.0051     1.948    -4.307 
4624.368   23.0051     1.948    -3.864 
4624.368   23.0051     1.948    -4.307 
4624.368   23.0051     1.948    -4.358 
4624.378   23.0051     1.948    -3.773 
4624.378   23.0051     1.948    -3.919 
4624.378   23.0051     1.948    -4.483 
4624.379   23.0051     1.050    -1.926 
4624.379   23.0051     1.050    -2.337 
4624.391   23.0051     1.948    -3.664 
4624.391   23.0051     1.948    -3.751 
4624.391   23.0051     1.948    -4.705 
4624.403   23.0051     1.050    -2.223 
4624.403   23.0051     1.050    -2.542 
4624.404   23.0051     1.050    -2.337 
4624.407   23.0051     1.948    -3.466 
4624.407   23.0051     1.948    -3.805 
4624.407   23.0051     1.948    -5.115 
4624.422      64.0     0.812     -0.34 
4624.422   23.0051     1.050    -2.348 
4624.423   23.0051     1.050    -2.223 
4624.423   23.0051     1.050   -10.320 
4624.426   23.0051     1.948    -3.302 
4624.426   23.0051     1.948    -4.001 
4624.437   23.0051     1.050    -2.348 
4624.437   23.0051     1.050    -2.524 
4624.448   23.0051     1.948    -3.161 
4624.520      26.0     4.151     -3.10 
4624.562      27.0     2.716     -2.52 
4624.613   23.0051     1.868    -2.467 
4624.613   23.0051     1.868    -2.944 
4624.654   23.0051     1.868    -2.467 
4624.654   23.0051     1.868    -2.613 
4624.729      24.0     3.373     -3.70 
4624.892      58.1     1.122     -0.06 
4624.922      27.0     4.146     -4.47 
4624.955      24.0     4.528     -4.25 
4624.980      62.1     1.265     -1.40 
4625.045      26.0     3.239     -1.27 
4625.054      90.1     2.052     -1.05 
4625.086      23.0     2.576     -2.63 
4625.098      26.0     3.298     -4.51 
4625.212      24.0     3.645     -3.06 
4625.260      64.1     0.600     -2.83 
4625.290      58.1     0.464     -2.10 
4625.298      24.0     3.110     -3.49 
4625.381      24.0     4.407     -1.49 
4625.435   25.0055     3.133    -9.565 
4625.436   25.0055     3.133    -8.787 
4625.437   25.0055     3.133    -8.817 
4625.439   25.0055     3.133    -9.486 
4625.441      26.0     3.981     -4.35 
4625.441   25.0055     3.133    -8.611 
4625.442   25.0055     3.133    -8.532 
4625.446   25.0055     3.133    -9.611 
4625.448   25.0055     3.133    -8.544 
4625.450   25.0055     3.133    -8.310 
4625.453      24.1     5.666     -4.66 
4625.455   25.0055     3.133    -9.963 
4625.458   25.0055     3.133    -8.570 
4625.461   25.0055     3.133    -8.126 
4625.471   25.0055     3.133    -8.746 
4625.474   25.0055     3.133    -7.968 
4625.475      23.1     5.476     -4.69 
4625.489   25.0055     3.133    -7.828 
4625.527      22.0     3.282     -1.92 
4625.652      24.0     3.847     -1.92 
4625.661      22.1     5.055     -2.64 
4625.763      27.0     3.710     -0.37 
4625.815      25.0     4.723     -3.03 
4625.888      20.0     5.951     -3.79 
4625.893      26.1     5.952     -2.20 
4625.922      24.0     3.847     -0.31 
4625.936      20.0     5.045     -5.26 
4625.980      75.0     1.954     -1.84 
4626.025      24.0     4.528     -0.96 
4626.046      20.0     5.014     -6.62 
4626.128      26.1     4.790     -4.48 
4626.152      26.0     3.692     -3.70 
4626.173      24.0     0.968     -1.33 
4626.241      20.0     5.951     -3.74 
4626.324      69.1     2.677     -0.22 
4626.352      26.0     3.249     -4.97 
4626.412      40.0     1.857      0.10 
4626.464      42.0     1.530     -1.09 
4626.483      27.0     4.172     -2.59 
4626.483      60.0     0.140     -0.58 
4626.488      23.0     1.042     -1.39 
4626.530      25.0     4.709      0.21 
4626.564      69.1     0.000     -2.39 
4626.566      25.0     4.657     -1.71 
4626.768      26.0     2.988     -3.76 
4626.779      26.1     5.565     -3.72 
4626.787      27.1     5.204     -4.66 
4626.791      26.0     4.412     -4.32 
4626.809      24.0     2.980     -1.85 
4626.822      24.0     3.432     -2.69 
4626.849   25.0055     2.918    -3.639 
4626.849   25.0055     2.918    -4.417 
4626.852   25.0055     2.918    -3.902 
4626.852   25.0055     2.918    -4.254 
4626.852   25.0055     2.918    -4.417 
4626.855   25.0055     2.918    -4.233 
4626.855   25.0055     2.918    -4.249 
4626.855   25.0055     2.918    -4.254 
4626.857   25.0055     2.918    -4.249 
4626.857   25.0055     2.918    -4.351 
4626.857   25.0055     2.918    -4.680 
4626.858   25.0055     2.918    -4.351 
4626.858   25.0055     2.918    -4.613 
4626.858   25.0055     2.918    -5.379 
4626.859   25.0055     2.918    -4.613 
4626.908      22.0     2.091     -4.40 
4626.968      69.0     2.182     -0.18 
4626.975      22.0     3.397     -3.55 
4626.982      22.1     5.564     -1.42 
4627.005      27.1     5.171     -3.25 
4627.009      26.0     3.249     -6.30 
4627.040      59.1     0.482     -1.55 
4627.075      92.1     0.568     -1.18 
4627.185      26.0     2.690     -4.59 
4627.220      24.0     3.847     -2.48 
4627.226      63.0     0.000      0.58 
4627.235      26.0     4.730     -3.53 
4627.286      26.0     4.603     -2.32 
4627.346       6.0     0.005    -13.35 
4627.383      14.0     5.078     -1.52 
4627.388      24.0     4.529     -0.91 
4627.423      27.0     4.046     -1.47 
4627.481      42.0     2.274     -1.37 
4627.491      23.1     3.796     -1.63 
4627.547      26.0     3.299     -3.47 
4627.639      25.0     3.768     -5.48 
4627.651      24.0     5.085     -3.22 
4627.657      24.1     5.666     -1.27 
4627.660      64.1     0.601     -1.90 
4627.689      40.0     1.481     -1.25 
4627.709   23.0051     1.929    -4.957 
4627.709   23.0051     1.929    -5.212 
4627.709   23.0051     1.929    -5.242 
4627.718   23.0051     1.929    -4.769 
4627.718   23.0051     1.929    -4.824 
4627.718   23.0051     1.929    -5.212 
4627.733   23.0051     1.929    -4.569 
4627.733   23.0051     1.929    -4.678 
4627.733   23.0051     1.929    -5.263 
4627.753   23.0051     1.929    -4.371 
4627.753   23.0051     1.929    -4.656 
4627.753   23.0051     1.929    -5.388 
4627.777   23.0051     1.929    -4.207 
4627.777   23.0051     1.929    -4.710 
4627.777   23.0051     1.929    -5.610 
4627.806   23.0051     1.929    -4.066 
4627.806   23.0051     1.929    -4.906 
4627.806   23.0051     1.929    -6.020 
4627.866      26.1     3.195     -5.65 
4627.890      24.0     4.413     -4.38 
4627.966      60.0     0.293     -0.14 
4628.013      22.0     2.091     -6.33 
4628.059      22.0     3.407     -3.11 
4628.075   21.0045     1.447    -4.638 
4628.075   21.0045     1.447    -4.705 
4628.075   21.0045     1.447    -5.337 
4628.080   21.0045     1.447    -4.442 
4628.080   21.0045     1.447    -4.442 
4628.080   21.0045     1.447    -5.182 
4628.086   21.0045     1.447    -4.238 
4628.086   21.0045     1.447    -4.337 
4628.086   21.0045     1.447    -5.182 
4628.094   21.0045     1.447    -4.068 
4628.094   21.0045     1.447    -4.290 
4628.094   21.0045     1.447    -5.279 
4628.104   21.0045     1.447    -3.922 
4628.104   21.0045     1.447    -4.296 
4628.104   21.0045     1.447    -5.483 
4628.116   21.0045     1.447    -3.793 
4628.116   21.0045     1.447    -4.369 
4628.116   21.0045     1.447    -5.881 
4628.127      22.0     2.091     -8.02 
4628.131   21.0045     1.447    -3.677 
4628.131   21.0045     1.447    -4.580 
4628.147   21.0045     1.447    -3.572 
4628.161      58.1     0.516      0.14 
4628.184      22.0     2.238     -1.20 
4628.324      56.0     1.142     -1.24 
4628.446      42.0     3.300     -1.48 
4628.459      24.0     4.398     -3.32 
4628.461      24.0     3.142     -1.40 
4628.576      27.0     3.014     -3.85 
4628.580   59.1141     0.055    -2.735 
4628.593   59.1141     0.055    -1.957 
4628.610   59.1141     0.055    -2.539 
4628.612      20.0     4.776     -1.73 
4628.618      22.1     5.028     -3.85 
4628.628   59.1141     0.055    -1.906 
4628.641   59.1141     0.055    -2.735 
4628.651   59.1141     0.055    -2.485 
4628.672   59.1141     0.055    -1.816 
4628.689   59.1141     0.055    -2.539 
4628.694      26.0     3.684     -4.30 
4628.701   59.1141     0.055    -2.527 
4628.726   59.1141     0.055    -1.710 
4628.747   59.1141     0.055    -2.485 
4628.761   59.1141     0.055    -2.720 
4628.779      26.1     7.845     -1.70 
4628.789   59.1141     0.055    -1.599 
4628.815   59.1141     0.055    -2.527 
4628.851      20.0     5.041     -5.15 
4628.863   59.1141     0.055    -1.489 
4628.867      27.0     3.772     -0.72 
4628.892   59.1141     0.055    -2.720 