# 
6642.128      20.0     5.724     -3.15 
6642.177      26.0     3.045     -7.19 
6642.231      24.0     5.902     -2.00 
6642.244      26.0     5.472     -3.82 
6642.746   23.0051     2.364    -4.914 
6642.747   23.0051     2.364    -4.634 
6642.747   23.0051     2.364    -4.914 
6642.747   23.0051     2.364    -5.935 
6642.750      64.0     1.547     -1.10 
6642.750   23.0051     2.364    -4.496 
6642.750   23.0051     2.364    -4.634 
6642.750   23.0051     2.364    -5.236 
6642.754   23.0051     2.364    -4.430 
6642.754   23.0051     2.364    -4.496 
6642.754   23.0051     2.364    -4.789 
6642.755      57.1     2.528     -0.96 
6642.760   23.0051     2.364    -4.423 
6642.760   23.0051     2.364    -4.430 
6642.760   23.0051     2.364    -4.458 
6642.767   23.0051     2.364    -4.195 
6642.767   23.0051     2.364    -4.423 
6642.767   23.0051     2.364    -4.488 
6642.775   23.0051     2.364    -3.976 
6642.775   23.0051     2.364    -4.488 
6642.775   23.0051     2.364    -4.692 
6642.785   23.0051     2.364    -3.789 
6642.785   23.0051     2.364    -4.692 
6643.035      24.0     3.842     -1.42 
6643.221      24.0     3.844     -2.36 
6643.260      20.0     5.827     -7.28 
6643.372      22.0     2.493     -3.93 
6643.373      26.0     5.503     -2.45 
6643.377      66.0     0.512     -1.81 
6643.395      25.1     6.900     -4.35 
6643.509      24.1     6.482     -3.70 
6643.525      70.0     3.429     -0.57 
6643.533      38.0     2.257     -0.59 
6643.598      25.0     5.881     -3.29 
6643.630      28.0     1.675     -2.22 
6643.786      23.0     1.948     -1.84 
6643.933      25.0     6.144     -3.86 
6643.941      64.0     2.232      0.06 
6644.030      27.0     3.684     -2.12 
6644.353      24.1     6.479     -3.85 
6644.415      57.0     0.130     -2.07 
6644.419      25.1     6.124     -7.61 
6644.521      22.0     3.317     -3.15 
6644.580      72.1     1.779     -1.70 
6644.930      20.0     5.828     -4.86 
6645.072   63.1151     1.379    -0.517 
6645.073   63.1153     1.379    -1.823 
6645.074   63.1153     1.379    -0.517 
6645.075   63.1153     1.379    -3.452 
6645.078   63.1151     1.379    -1.823 
6645.086   63.1151     1.379    -3.480 
6645.088      24.0     3.887     -2.23 
6645.088   63.1153     1.379    -0.593 
6645.090   63.1153     1.379    -1.628 
6645.095   63.1153     1.379    -3.151 
6645.097   63.1151     1.379    -0.593 
6645.097   63.1153     1.379    -0.672 
6645.102   63.1153     1.379    -1.583 
6645.105   63.1151     1.379    -1.628 
6645.105   63.1153     1.379    -0.755 
6645.108   63.1153     1.379    -3.079 
6645.110   63.1153     1.379    -0.839 
6645.111   63.1153     1.379    -1.635 
6645.113   63.1151     1.379    -3.144 
6645.114   63.1153     1.379    -0.921 
6645.116   63.1153     1.379    -1.830 
6645.117   63.1153     1.379    -3.236 
6645.119   63.1151     1.379    -0.672 
6645.127   63.1151     1.379    -1.583 
6645.134   63.1151     1.379    -3.082 
6645.138   63.1151     1.379    -0.754 
6645.145   63.1151     1.379    -1.635 
6645.151   63.1151     1.379    -3.237 
6645.153   63.1151     1.379    -0.839 
6645.159   63.1151     1.379    -1.829 
6645.160      57.0     2.012     -0.41 
6645.164   63.1151     1.379    -0.921 
6645.210      14.0     6.078     -2.12 
6645.225      24.0     4.413     -2.19 
6645.249      27.0     4.172     -2.25 
6645.310      22.0     4.173     -3.25 
6645.365      26.0     4.383     -3.56 
6645.373      65.1     1.686     -0.80 
6645.377      23.1     6.312     -3.98 
6645.430      27.0     4.998     -2.19 
6645.436      20.0     5.736     -3.80 
6645.564      24.0     5.901     -3.07 
6645.660      26.0     3.639     -5.63 
6645.923      24.0     4.413     -1.59 
6645.954      28.0     5.299     -3.01 
6646.044      24.1     4.924     -6.16 
6646.094      15.0     8.221     -3.44 
6646.121      24.0     3.367     -4.22 
6646.177      20.0     5.737     -3.38 
6646.204      21.1     7.477     -1.06 
6646.234      23.0     4.305     -3.84 
6646.265      62.0     1.935     -0.22 
6646.420      21.1     7.466     -0.32 
6646.541      90.1     1.547     -2.39 
6646.593      24.0     5.461     -3.44 
6646.672      21.1     7.466     -1.34 
6646.682      20.0     5.317     -3.80 
6646.752      20.0     5.877     -3.69 
6646.833      64.0     1.400     -1.24 
6646.931      26.0     2.607     -3.99 
6647.034      21.0     5.259     -1.42 
6647.060      72.1     2.868     -1.32 
6647.179      22.0     3.572     -4.07 
6647.198      23.1     4.241     -3.11 
6647.292   23.0051     2.357    -5.378 
6647.292   23.0051     2.357    -5.633 
6647.306   23.0051     2.357    -5.179 
6647.306   23.0051     2.357    -5.378 
6647.306   23.0051     2.357    -7.286 
6647.327   23.0051     2.357    -5.115 
6647.327   23.0051     2.357    -5.179 
6647.327   23.0051     2.357    -6.043 
6647.355   23.0051     2.357    -5.115 
6647.355   23.0051     2.357    -5.146 
6647.355   23.0051     2.357    -5.326 
6647.389   23.0051     2.357    -4.920 
6647.389   23.0051     2.357    -5.146 
6647.389   23.0051     2.357    -5.327 
6647.431   23.0051     2.357    -4.628 
6647.431   23.0051     2.357    -5.327 
6647.477      26.0     5.382     -3.64 
6647.604      25.0     5.871     -3.81 
6647.676      24.0     2.911     -9.68 
6647.785      28.0     4.415     -2.29 
6647.793      92.0     0.471     -2.40 
6647.973      26.0     5.472     -3.83 
6648.068      26.1     3.422     -9.78 
6648.080      26.0     1.010     -5.29 