# 
7772.424      20.0     6.041     -2.24 
7772.871      20.0     6.041     -6.95 
7772.913      45.0     3.646      0.17 
7772.943      25.1     6.663     -4.92 
7772.995      26.0     3.412     -5.82 
7773.031      26.0     5.825     -1.65 
7773.040      20.0     6.007     -4.88 
7773.052      60.1     0.000     -3.38 
7773.064      20.0     6.041     -4.79 
7773.300      25.0     4.791     -3.13 
7773.755      20.0     4.438     -3.83 
7773.885      22.0     2.332     -2.41 
7774.062      26.0     5.008     -3.56 
7774.166       8.0     9.139      0.17 
7774.249      20.0     6.017     -7.49 
7774.347      15.0     8.221     -3.12 
7774.424      20.0     6.017     -4.40 
7774.715      23.0     3.313     -2.00 
7774.867      24.0     6.171     -2.21 
7774.979      24.0     4.614     -4.17 
7775.189      22.0     3.706     -1.32 
7775.235      26.0     5.845     -3.32 
7775.388       8.0     9.139     -0.05 
7775.496      20.0     4.438     -2.23 
7775.700      22.0     4.417     -2.88 
7775.763      20.0     4.438     -1.35 
7775.981      26.0     5.857     -2.58 
7776.375      26.0     5.583     -2.54 
7776.632      26.0     5.498     -3.06 
7776.764      24.0     6.147     -1.91 
7776.765      20.0     5.546     -7.76 
7776.971      22.1     6.499     -2.79 
7776.983      20.0     6.003     -6.16 
7777.107      26.1     3.197     -5.24 
7777.562      24.0     4.385     -3.47 
7777.672      19.0     2.668     -2.23 
7777.896      23.0     4.069     -4.25 
7777.909      24.0     4.172     -3.91 
7777.959      14.0     6.074     -2.95 
7778.005      20.0     5.817     -2.75 
7778.266      22.0     1.979     -5.81 
7778.273      69.0     3.331     -0.44 
7778.380      23.0     4.646     -3.37 