# 
6493.900      22.0     3.421     -1.99 
6494.205      23.0     3.630     -3.61 
6494.245      22.0     3.572     -1.92 
6494.365      24.1     7.375     -4.00 
6494.382      23.0     4.253     -2.84 
6494.420      25.1     6.489     -2.93 
6494.441      25.0     5.811     -2.08 
6494.498      26.0     4.730     -1.78 
6494.694      27.0     5.441     -4.22 
6494.794      22.0     2.266     -3.73 
6494.888      59.0     1.082     -0.34 
6494.941      58.0     0.910     -1.07 
6494.980      26.0     2.402     -1.27 
6495.005      42.0     3.273     -2.29 
6495.167      23.0     1.711     -6.85 
6495.228      92.1     0.568     -3.18 
6495.349      22.0     3.567     -2.16 
6495.576      60.1     1.348     -1.56 
6495.741      26.0     4.831     -0.94 
6495.959      24.0     4.774     -3.09 
6496.052      26.0     5.367     -3.63 
6496.143      28.0     5.016     -3.74 
6496.201      27.0     4.568     -2.02 
6496.402      24.0     4.398     -4.07 
6496.437      44.0     3.408     -0.94 
6496.466      26.0     4.792     -0.57 
6496.480      22.1     3.121     -3.21 
6496.511      20.0     5.802     -5.35 
6496.530      21.1     7.434      0.02 
6496.631      26.0     5.554     -4.11 
6496.898   56.1137     0.604    -1.886 
6496.899   56.1135     0.604    -1.886 
6496.901   56.1137     0.604    -1.186 
6496.902   56.1135     0.604    -1.186 
6496.906   56.1135     0.604    -0.739 
6496.906   56.1137     0.604    -0.739 
6496.910   56.1134     0.604    -0.380 
6496.910   56.1136     0.604    -0.380 
6496.910   56.1138     0.604    -0.380 
6496.916   56.1135     0.604    -1.583 
6496.916   56.1137     0.604    -1.583 
6496.917   56.1135     0.604    -1.186 
6496.918   56.1137     0.604    -1.186 
6496.920   56.1135     0.604    -1.186 
6496.922   56.1137     0.604    -1.186 
6497.020      22.0     3.184     -3.24 
6497.037      25.1     6.489     -2.20 
6497.407      56.1     5.693     -4.74 
6497.603      23.0     2.706     -5.78 
6497.684      22.0     1.442     -2.02 
6497.727      26.0     5.474     -3.13 
6497.852      41.0     0.619     -2.05 
6498.076      23.0     3.526     -4.63 
6498.161      28.0     5.408     -2.90 
6498.165      23.0     2.372     -3.48 
6498.165      57.1     2.528     -0.77 
6498.208      14.0     5.959     -3.47 
6498.245      24.0     5.278     -3.44 
6498.650      62.1     1.063     -1.15 
6498.753      26.0     5.341     -4.05 
6498.757      56.0     1.189      0.58 
6498.930      59.1     1.253     -1.20 
6498.940      26.0     0.957     -4.69 
6498.978      28.0     5.276     -2.26 
6499.021      14.0     5.615     -4.17 
6499.099      15.0     8.277     -3.78 
6499.107      28.1     6.947     -3.44 
6499.230      14.0     5.858     -3.23 
6499.284      20.0     5.817     -4.89 
6499.339      21.0     4.681     -2.84 
6499.339      21.0     4.681     -3.41 
6499.525      23.1     6.096     -2.65 
6499.650      20.0     2.521     -0.59 
6499.794      24.0     6.117     -3.46 