# 
5850.801      23.0     4.062     -2.67 
5851.020      58.0     0.159     -1.07 
5851.048       6.0     8.764     -2.74 
5851.100      58.0     1.114     -0.21 
5851.205      26.0     4.952     -2.98 
5851.209      28.1     6.324     -2.58 
5851.305      23.0     4.076     -2.68 
5851.346      21.0     5.007     -3.13 
5851.454      22.0     1.748     -4.60 
5851.500      24.0     3.090     -5.20 
5851.503      42.0     3.558     -0.40 
5851.531      27.0     3.772     -4.02 
5851.539      24.0     4.614     -4.00 
5851.568      74.0     3.267     -0.52 
5851.624      42.0     2.834     -2.09 
5851.630      64.0     0.124     -1.08 
5852.003      92.0     0.552     -1.89 
5852.083      24.0     0.982     -4.84 
5852.151      23.0     4.228     -3.39 
5852.219      26.0     4.545     -1.33 
5852.245      22.0     3.212     -2.17 
5852.260      57.0     0.951     -1.12 
5852.314      26.0     5.096     -4.04 
5852.326      22.0     1.052     -2.44 
5852.627      59.1     1.253     -0.62 
5852.681      90.0     1.290     -1.75 
5852.740      25.1     6.172     -3.94 
5852.996      24.0     5.645     -1.10 
5853.060      58.0     0.646     -0.50 
5853.078      22.0     3.177     -1.52 
5853.150      26.0     1.484     -5.28 
5853.345      58.0     0.396     -0.93 
5853.361      22.0     3.168     -3.80 
5853.454   23.0051     1.944   -10.506 
5853.461   23.0051     1.944   -10.506 
5853.461   23.0051     1.944   -10.682 
5853.463      24.0     4.446     -3.06 
5853.471      26.0     5.066     -3.60 
5853.472   23.0051     1.944   -10.342 
5853.472   23.0051     1.944   -10.807 
5853.472   23.0051     1.944   -10.932 
5853.486   23.0051     1.944   -10.334 
5853.486   23.0051     1.944   -10.368 
5853.486   23.0051     1.944   -11.360 
5853.503   23.0051     1.944   -10.085 
5853.503   23.0051     1.944   -10.495 
5853.524   23.0051     1.944    -9.869 
5853.603      25.0     5.083     -3.46 
5853.670      58.0     0.295     -0.84 
5853.672   23.0051     1.892    -2.705 
5853.683      26.0     4.188     -2.35 
5853.686   56.1137     0.604    -2.066 
5853.687   56.1135     0.604    -2.066 
5853.687   56.1137     0.604    -2.009 
5853.688   56.1135     0.604    -2.009 
5853.689   56.1135     0.604    -2.215 
5853.689   56.1137     0.604    -2.215 
5853.690   56.1134     0.604    -1.010 
5853.690   56.1135     0.604    -1.466 
5853.690   56.1135     0.604    -1.914 
5853.690   56.1135     0.604    -2.620 
5853.690   56.1136     0.604    -1.010 
5853.690   56.1137     0.604    -1.466 
5853.690   56.1137     0.604    -1.914 
5853.690   56.1137     0.604    -2.620 
5853.690   56.1138     0.604    -1.010 
5853.691   56.1135     0.604    -2.215 
5853.692   56.1137     0.604    -2.215 
5853.693   56.1135     0.604    -2.009 
5853.693   56.1137     0.604    -2.009 
5853.694   56.1135     0.604    -2.066 
5853.694   56.1137     0.604    -2.066 
5853.699   23.0051     1.892    -2.684 
5853.699   23.0051     1.892    -3.161 
5853.725      26.1     2.674     -8.21 
5853.736   23.0051     1.892    -2.684 
5853.736   23.0051     1.892    -2.830 
5853.782   23.0051     1.892    -2.363 
5853.903      92.1     0.217     -2.71 
5854.148      23.0     3.096     -1.38 
5854.292   21.1045     1.356    -6.825 
5854.292   21.1045     1.356    -6.983 
5854.293   21.1045     1.356    -6.836 
5854.293   21.1045     1.356    -7.009 
5854.294      42.0     3.393     -1.73 
5854.297   21.1045     1.356    -7.185 
5854.298   21.1045     1.356    -7.507 
5854.298   21.1045     1.356    -8.933 
5854.300   21.1045     1.356    -6.811 
5854.301   21.1045     1.356    -6.413 
5854.301   21.1045     1.356    -7.009 
5854.303   21.1045     1.356    -6.836 
5854.306   21.1045     1.356    -6.825 
5854.309   21.1045     1.356    -6.983 
5854.349      24.0     3.119     -7.57 
5854.516      70.0     3.204     -0.58 
5854.560      24.0     5.651     -3.60 
5855.065      22.0     3.556     -3.93 
5855.076      26.0     4.604     -1.76 
5855.178      22.0     3.164     -2.86 
5855.210      64.1     1.597     -1.01 
5855.259      25.1     6.172     -6.30 
5855.280      23.0     2.606     -4.21 
5855.304      68.0     0.000     -1.61 
5855.469      23.0     1.941     -1.67 
5855.575      57.0     0.373     -1.32 
5855.592   23.0051     2.113    -6.170 
5855.592   23.0051     2.113    -6.311 
5855.592   23.0051     2.113    -6.475 
5855.592   23.0051     2.113    -6.673 
5855.592   23.0051     2.113    -6.760 
5855.592   23.0051     2.113    -6.782 
5855.592   23.0051     2.113    -6.814 
5855.592   23.0051     2.113    -6.873 
5855.592   23.0051     2.113    -6.928 
5855.592   23.0051     2.113    -7.010 
5855.592   23.0051     2.113    -7.061 
5855.592   23.0051     2.113    -7.316 
5855.592   23.0051     2.113    -7.316 
5855.592   23.0051     2.113    -7.346 
5855.592   23.0051     2.113    -7.367 
5855.592   23.0051     2.113    -7.492 
5855.592   23.0051     2.113    -7.714 
5855.592   23.0051     2.113    -8.124 
5855.846      23.1     2.513     -6.36 
5855.870      24.0     5.457     -4.20 
5855.873      22.0     3.291     -0.33 
5856.088      26.0     4.291     -1.64 
5856.124      27.0     3.407     -3.01 
5856.218      64.0     0.124     -0.97 
5856.437      24.0     2.706     -3.84 
5856.453      24.1     3.736     -7.25 
5856.597      74.0     2.600     -1.60 