# 
6327.166   21.0045     3.596    -2.165 
6327.174   21.0045     3.596    -2.165 
6327.174   21.0045     3.596    -2.341 
6327.185   21.0045     3.596    -2.001 
6327.185   21.0045     3.596    -2.466 
6327.185   21.0045     3.596    -2.591 
6327.188      22.0     2.394     -3.04 
6327.200   21.0045     3.596    -1.993 
6327.200   21.0045     3.596    -2.027 
6327.200   21.0045     3.596    -3.019 
6327.218   21.0045     3.596    -1.744 
6327.218   21.0045     3.596    -2.154 
6327.241   21.0045     3.596    -1.528 
6327.278      90.0     1.387     -1.23 
6327.345      26.0     5.487     -3.30 
6327.400      26.0     5.498     -4.04 
6327.450      24.0     5.804     -3.90 
6327.490      24.0     4.093     -1.55 
6327.520      62.1     1.261     -0.88 
6327.541      23.0     3.296     -0.03 
6327.599      28.0     1.675     -3.17 
6327.645      25.0     5.334     -4.06 
6327.881      23.0     2.579     -2.50 
6328.053      62.0     1.923     -0.17 
6328.110      26.0     5.454     -3.92 
6328.219      26.1     3.242     -6.38 
6328.345      24.0     5.151     -4.24 
6328.358      26.0     5.341     -3.09 
6328.711      24.0     3.889     -2.74 
6328.814      22.0     3.421     -1.73 
6328.822      23.0     2.614     -4.12 
6329.147      24.1     4.039     -6.63 
6329.191      24.1     4.068     -4.31 
6329.324      20.0     5.736     -4.17 
6329.483      23.0     2.721     -4.61 
6329.537      42.0     2.932     -2.22 
6329.996      20.0     5.737     -3.78 
6330.017      22.0     3.722     -3.08 
6330.091      24.0     0.941     -2.92 
6330.107      26.0     4.581     -3.80 
6330.151      60.1     1.772     -0.72 
6330.258      26.0     5.382     -3.24 
6330.380      28.0     5.285     -3.30 
6330.455      24.0     5.808     -3.32 
6330.606      44.0     3.155     -0.96 
6330.626   23.0051     2.113    -2.589 
6330.626   23.0051     2.113    -2.881 
6330.626   23.0051     2.113    -3.076 
6330.626   23.0051     2.113    -3.076 
6330.626   23.0051     2.113    -3.107 
6330.626   23.0051     2.113    -3.107 
6330.626   23.0051     2.113    -3.140 
6330.626   23.0051     2.113    -3.140 
6330.626   23.0051     2.113    -3.287 
6330.626   23.0051     2.113    -3.288 
6330.626   23.0051     2.113    -3.288 
6330.626   23.0051     2.113    -3.339 
6330.626   23.0051     2.113    -3.339 
6330.626   23.0051     2.113    -3.594 
6330.626   23.0051     2.113    -4.004 
6330.626   23.0051     2.113    -5.247 
6330.752      92.1     0.113     -3.36 
6330.830      23.0     2.576     -1.46 
6330.848      26.0     4.730     -1.74 
6330.951      22.0     2.266     -3.35 
6331.183      26.0     5.487     -2.56 
6331.278      28.0     5.016     -4.00 
6331.331      64.0     2.232      0.21 
6331.335      25.0     5.334     -3.98 
6331.339      24.1     7.326     -3.73 
6331.604      20.0     5.685     -4.67 
6331.761      26.0     5.330     -3.59 
6331.955      26.1     6.217     -2.07 
6331.956      14.0     5.078     -2.00 
6331.969      58.0     0.028     -1.80 
6332.262      24.1     3.855     -4.56 
6332.422      23.0     4.255     -3.73 
6332.599      25.1     3.417     -7.11 
6332.614      22.0     1.732     -4.69 
6332.859      21.1     7.425     -1.74 
6332.911      24.0     4.782     -3.79 
6332.912      73.0     0.752     -2.32 
6333.063      24.0     5.811     -3.50 