# 
4918.013      26.0     4.227     -1.36 
4918.069      24.1     6.482     -2.39 
4918.103      23.0     2.614     -2.86 
4918.178      27.0     2.540     -4.16 
4918.189      42.0     3.393     -1.66 
4918.362      28.0     3.838     -0.24 
4918.429      26.0     4.981     -4.28 
4918.596      24.0     2.965     -3.92 
4918.602      26.0     3.015     -6.35 
4918.706      28.0     3.765     -0.78 
4918.799      21.0     5.320     -2.40 
4918.954      26.0     4.151     -0.34 
4918.954      28.0     4.263     -2.54 
4918.969      23.0     2.636     -0.77 
4918.994      26.0     2.863     -0.37 
4918.998      62.0     0.185     -0.15 
4919.010      26.1     6.725     -4.64 
4919.100      23.0     2.706     -8.33 
4919.167      27.1     3.405     -4.29 
4919.342      27.0     4.146     -4.43 
4919.390      22.0     3.421     -3.57 
4919.409      24.0     5.515      0.15 
4919.426      22.0     3.572     -2.93 
4919.496      22.0     2.486     -2.15 
4919.501      22.0     3.556     -1.55 
4919.663      20.0     2.707     -3.77 
4919.683      45.0     1.576     -2.21 
4919.739      26.0     3.271     -5.34 
4919.746      20.0     2.707     -4.77 
4919.816      90.1     0.764     -1.43 
4919.837      24.0     3.392     -2.15 
4919.861      22.0     2.159     -0.12 
4919.866      24.0     3.102     -3.14 
4919.877      58.0     0.000     -1.06 
4919.882      26.0     3.957     -4.30 
4920.092      24.0     5.222     -2.60 
4920.116      23.0     3.077     -2.01 
4920.128      73.0     1.594     -1.21 
4920.197      22.0     3.543     -2.61 
4920.230      24.1     3.884     -2.49 
4920.230      25.0     5.345     -2.33 
4920.274      27.0     1.954     -2.46 
4920.305      23.0     2.357     -4.49 
4920.340      24.0     3.392     -2.45 
4920.362      22.0     2.394     -2.95 
4920.390      62.1     1.075     -0.90 
4920.436      25.1     5.468     -2.09 
4920.463      26.0     4.280     -3.54 
4920.502      26.0     2.830      0.06 
4920.523      24.0     4.204     -4.28 
4920.525      90.1     1.066     -2.10 
4920.537      26.0     4.555     -3.16 
4920.594      42.0     3.300     -1.34 
4920.594      42.0     3.387     -1.23 
4920.671      24.0     4.204     -3.87 
4920.690      60.1     0.064     -0.59 
4920.744      27.0     1.048     -5.31 
4920.798      58.0     0.590     -0.27 
4920.821      27.0     1.739     -4.58 
4920.826      27.0     4.046     -1.33 
4920.940      24.0     3.102     -0.92 
4920.943   23.0051     2.357    -5.396 
4920.943   23.0051     2.357    -5.651 
4920.943   23.0051     2.357    -5.681 
4920.951   23.0051     2.357    -5.208 
4920.951   23.0051     2.357    -5.263 
4920.951   23.0051     2.357    -5.651 
4920.962   23.0051     2.357    -5.008 
4920.962   23.0051     2.357    -5.117 
4920.962   23.0051     2.357    -5.702 
4920.977   23.0051     2.357    -4.810 
4920.977   23.0051     2.357    -5.095 
4920.977   23.0051     2.357    -5.827 
4920.980      57.1     0.126     -0.58 
4920.996   23.0051     2.357    -4.646 
4920.996   23.0051     2.357    -5.149 
4920.996   23.0051     2.357    -6.049 
4921.016      24.0     4.183     -2.51 
4921.019   23.0051     2.357    -4.505 
4921.019   23.0051     2.357    -5.345 
4921.019   23.0051     2.357    -6.459 
4921.051      23.0     2.676     -2.94 
4921.083   23.0051     1.847    -8.867 
4921.084   23.0051     1.847    -8.394 
4921.084   23.0051     1.847    -8.582 
4921.084   23.0051     1.847    -8.837 
4921.084   23.0051     1.847    -8.837 
4921.084   23.0051     1.847    -8.888 
4921.085      44.0     1.062     -1.17 
4921.085   23.0051     1.847    -8.303 
4921.085   23.0051     1.847    -8.449 
4921.085   23.0051     1.847    -9.013 
4921.086   23.0051     1.847    -8.194 
4921.086   23.0051     1.847    -8.281 
4921.086   23.0051     1.847    -9.235 
4921.087   23.0051     1.847    -7.996 
4921.087   23.0051     1.847    -8.335 
4921.087   23.0051     1.847    -9.645 
4921.089   23.0051     1.847    -7.832 
4921.089   23.0051     1.847    -8.531 
4921.091   23.0051     1.847    -7.691 
4921.102      22.0     2.675     -2.00 
4921.142      60.0     0.456     -0.27 
4921.148      24.0     3.090     -6.58 
4921.190      28.0     3.594     -3.31 
4921.226      25.1     6.640     -1.58 
4921.274      73.0     0.749     -1.82 
4921.322      24.0     2.998     -3.80 
4921.419       6.0     8.531     -3.01 
4921.577   23.0051     2.364    -4.853 
4921.578   23.0051     2.364    -4.590 
4921.578   23.0051     2.364    -4.786 
4921.579   23.0051     2.364    -4.386 
4921.579   23.0051     2.364    -4.590 
4921.579   23.0051     2.364    -5.485 
4921.582   23.0051     2.364    -4.216 
4921.582   23.0051     2.364    -4.485 
4921.582   23.0051     2.364    -5.330 
4921.585   23.0051     2.364    -4.070 
4921.585   23.0051     2.364    -4.438 
4921.585   23.0051     2.364    -5.330 
4921.588   23.0051     2.364    -3.941 
4921.588   23.0051     2.364    -4.444 
4921.588   23.0051     2.364    -5.427 
4921.593   23.0051     2.364    -3.825 
4921.593   23.0051     2.364    -4.517 
4921.593   23.0051     2.364    -5.631 
4921.598   23.0051     2.364    -3.720 
4921.598   23.0051     2.364    -4.728 
4921.598   23.0051     2.364    -6.029 
4921.608      27.1     3.865     -6.20 
4921.614      90.1     1.140     -1.63 
4921.617      24.0     4.614     -3.35 
4921.618      27.0     4.206     -1.68 
4921.654      24.0     2.965     -3.19 
4921.727      14.0     5.078     -3.00 
4921.764      22.0     2.173      0.04 
4921.780      57.1     0.244     -0.45 
4921.810      27.0     3.229     -6.05 
4921.877      39.0     1.407     -0.40 
4921.926      58.0     0.588     -0.58 
4921.930      60.1     0.380     -2.47 
4922.069      23.1     6.852     -1.22 
4922.096      26.1     6.221     -4.75 
4922.114      20.0     5.177     -3.39 
4922.129      27.0     4.022     -2.36 
4922.164      24.0     3.432     -3.34 
4922.171      26.0     4.206     -3.36 
4922.183      27.1     5.462     -3.60 
4922.222      26.0     4.140     -3.39 
4922.251      25.0     5.334     -2.02 
4922.265      24.0     3.102      0.38 
4922.343      25.0     5.345     -3.19 
4922.355      23.0     2.925     -0.49 
4922.454      60.0     0.456     -0.27 
4922.470      62.1     1.668     -1.00 
4922.503      45.0     1.483     -2.33 
4922.544      24.0     3.008     -2.17 
4922.574      42.0     3.357     -1.84 
4922.694       6.0     8.531     -2.63 
4922.703      68.1     1.560     -2.29 
4922.810      22.0     3.567     -3.06 
4922.944      90.1     1.310     -2.02 
4922.949      42.0     2.932     -2.12 
4923.007      25.0     4.723     -1.81 
4923.121      22.0     2.486     -2.22 
4923.157      26.0     4.730     -1.53 
4923.167      66.1     0.103     -2.38 
4923.273      22.0     2.248     -3.15 
4923.299      42.0     3.315     -1.74 
4923.438      25.0     5.345     -2.94 
4923.448      73.0     0.696     -2.55 
4923.468      42.0     3.273     -1.34 
4923.533      26.0     4.730     -3.04 
4923.538      23.1     4.002     -2.32 
4923.570      64.1     2.196     -0.19 
4923.766      23.0     2.682     -1.65 
4923.810      62.1     0.543     -1.62 
4923.825      69.0     2.336      0.03 
4923.908      26.0     4.555     -1.69 
4923.911      75.0     1.761     -1.16 
4923.922      26.1     2.891     -1.21 
4923.930      60.1     1.348     -1.25 
4923.945      20.0     6.022     -5.20 