# 
7768.902      23.0     3.630     -0.47 
7769.277      23.0     4.228     -2.59 
7769.500      23.0     3.618     -3.02 
7769.594      22.0     1.066     -5.37 
7769.754      58.0     0.520     -1.53 
7769.790      21.0     5.058     -1.91 
7769.790      21.0     5.058     -3.14 
7769.935      25.0     5.401     -2.31 
7770.278      26.0     2.557     -4.42 
7770.320      26.0     5.665     -3.13 
7770.418      20.0     5.927     -3.79 
7770.629      21.0     4.107     -3.70 
7770.704      22.0     4.222     -3.35 
7770.844      26.0     5.665     -3.74 
7770.846      26.0     2.996     -9.17 
7770.901      20.0     6.031     -3.94 
7770.969   21.0045     3.605    -1.982 
7770.972   21.0045     3.605    -1.697 
7770.972   21.0045     3.605    -1.952 
7770.978   21.0045     3.605    -1.509 
7770.978   21.0045     3.605    -1.952 
7770.978   21.0045     3.605    -2.003 
7770.987   21.0045     3.605    -1.418 
7770.987   21.0045     3.605    -1.564 
7770.987   21.0045     3.605    -2.128 
7770.999   21.0045     3.605    -1.309 
7770.999   21.0045     3.605    -1.396 
7770.999   21.0045     3.605    -2.350 
7771.014   21.0045     3.605    -1.111 
7771.014   21.0045     3.605    -1.450 
7771.014   21.0045     3.605    -2.760 
7771.032   21.0045     3.605    -0.947 
7771.032   21.0045     3.605    -1.646 
7771.053   21.0045     3.605    -0.806 
7771.144      20.0     6.017     -5.03 
7771.191      22.0     1.738     -4.89 
7771.230      26.0     5.533     -3.60 
7771.239      20.0     4.447     -1.30 
7771.646      24.0     4.774     -0.70 
7771.944       8.0     9.139      0.32 
7772.168      22.0     3.705     -1.91 
7772.194      21.0     4.107     -4.01 
7772.382      20.0     5.877     -1.74 
7772.424      20.0     6.041     -2.24 
7772.871      20.0     6.041     -6.95 
7772.913      45.0     3.646      0.17 
7772.943      25.1     6.663     -4.92 
7772.995      26.0     3.412     -5.82 
7773.031      26.0     5.825     -1.65 
7773.040      20.0     6.007     -4.88 
7773.052      60.1     0.000     -3.38 
7773.064      20.0     6.041     -4.79 
7773.300      25.0     4.791     -3.13 
7773.755      20.0     4.438     -3.83 
7773.885      22.0     2.332     -2.41 
7774.062      26.0     5.008     -3.56 
7774.166       8.0     9.139      0.17 
7774.249      20.0     6.017     -7.49 
7774.347      15.0     8.221     -3.12 
7774.424      20.0     6.017     -4.40 
7774.715      23.0     3.313     -2.00 
7774.867      24.0     6.171     -2.21 