# 
4807.505   23.0051     2.123    -1.354 
4807.505   23.0051     2.123    -2.912 
4807.511   23.0051     2.123    -0.417 
4807.513   23.0051     2.123    -1.386 
4807.518   23.0051     2.123    -0.487 
4807.520   23.0051     2.123    -1.480 
4807.525   23.0051     2.123    -0.561 
4807.525   23.0051     2.123    -1.698 
4807.530   23.0051     2.123    -0.639 
4807.535   23.0051     2.123    -0.720 
4807.537   23.0051     2.123    -0.804 
4807.539   23.0051     2.123    -0.890 
4807.539   23.0051     2.123    -0.973 
4807.555      24.0     3.553     -2.68 
4807.666      58.0     0.028     -1.00 
4807.669      58.0     0.802     -0.24 
4807.709      26.0     3.368     -2.15 
4807.811      24.0     3.090     -2.52 
4807.893      23.1     6.857     -3.69 
4807.944      66.0     0.937     -0.81 
4808.009      64.0     1.725      0.02 
4808.055      26.0     3.299     -4.23 
4808.081      42.0     2.932     -1.04 
4808.131      25.1     5.832     -4.80 
4808.134      90.0     0.615     -1.41 
4808.148      26.0     3.249     -2.79 
4808.168      59.0     0.000     -0.73 
4808.226      27.0     4.146     -1.47 
4808.450      62.1     1.303     -1.96 
4808.453      42.0     2.553     -1.80 
4808.462      22.0     3.397     -3.99 
4808.506      58.0     0.547     -0.40 
4808.526      22.0     2.693      0.10 
4808.535      26.0     3.271     -4.25 
4808.538      28.0     3.536     -1.81 
4808.588      22.0     3.110     -4.06 
4808.679      69.0     1.931     -0.54 
4808.680      26.0     4.730     -1.93 
4808.719      23.0     1.042     -5.08 
4808.841      25.0     5.935     -3.60 
4808.870      28.0     3.703     -1.41 
4809.000      57.1     0.235     -1.40 
4809.137      24.0     2.913     -6.91 
4809.137      26.0     3.692     -2.33 
4809.139      24.0     3.977     -3.72 
4809.207      23.1     6.037     -4.18 
4809.218      25.0     5.083     -0.93 
4809.252      26.0     4.073     -2.92 
4809.289      24.0     3.553     -2.05 
4809.353      41.0     1.504     -1.23 
4809.457      40.0     1.582      0.16 
4809.471      77.0     1.621     -2.36 
4809.586      27.0     4.107     -2.08 
4809.638      22.0     3.111     -4.02 
4809.787   23.0051     3.087    -5.219 
4809.787   23.0051     3.087    -5.845 
4809.787   23.0051     3.087    -6.710 
4809.799   23.0051     3.087    -5.435 
4809.799   23.0051     3.087    -5.684 
4809.799   23.0051     3.087    -6.282 
4809.807   23.0051     3.087    -5.692 
4809.807   23.0051     3.087    -5.718 
4809.807   23.0051     3.087    -6.032 
4809.814   23.0051     3.087    -5.856 
4809.814   23.0051     3.087    -5.856 
4809.814   23.0051     3.087    -6.157 
4809.847      22.0     2.091     -5.98 
4809.873      22.0     3.455     -3.51 
4809.905      15.0     6.949     -3.40 
4809.932      24.0     3.553     -2.75 
4809.933      26.0     4.175     -2.30 
4809.940      26.0     3.571     -2.72 
4810.017      24.0     4.436     -2.64 
4810.038      24.0     4.236     -2.50 
4810.054      24.0     2.887     -4.62 
4810.172      23.1     2.034     -3.35 
4810.209      24.0     4.528     -2.57 
4810.265      26.0     4.431     -3.75 
4810.276      66.0     2.170      0.32 
4810.355      25.0     4.675     -2.71 
4810.454      20.0     5.963     -3.96 
4810.482      45.0     3.354      0.04 
4810.509      24.0     2.985     -3.14 
4810.528      30.0     4.075     -0.14 
4810.572      25.1     6.806     -6.01 
4810.579      41.0     1.177     -1.38 
4810.630      23.1     6.473     -4.61 
4810.699      24.0     5.068     -3.21 
4810.705      22.0     2.486     -2.58 
4810.730      23.0     3.129     -1.25 
4810.730      24.0     3.077     -1.30 
4810.745      26.1     5.565     -3.23 
4810.889      92.0     0.471     -1.27 
4810.947   23.0051     2.113    -3.637 
4810.947   23.0051     2.113    -3.853 
4810.947   23.0051     2.113    -4.102 
4810.947   23.0051     2.113    -4.110 
4810.947   23.0051     2.113    -4.136 
4810.947   23.0051     2.113    -4.263 
4810.947   23.0051     2.113    -4.274 
4810.947   23.0051     2.113    -4.274 
4810.947   23.0051     2.113    -4.450 
4810.947   23.0051     2.113    -4.575 
4810.947   23.0051     2.113    -4.700 
4810.947   23.0051     2.113    -5.128 
4811.031      22.0     1.886     -2.23 
4811.033      26.0     3.069     -6.50 
4811.050      42.0     3.778      0.22 
4811.068      22.0     2.675     -0.70 
4811.095      27.0     3.014     -3.78 
4811.101      20.0     4.760     -3.98 
4811.130      23.1     3.755     -2.53 
4811.294      24.0     3.090     -3.58 
4811.336      24.0     4.398     -3.73 
4811.342      60.1     0.064     -1.14 
4811.427      24.0     4.437     -3.61 
4811.536      22.0     2.736     -3.51 
4811.540      23.0     2.038     -5.07 
4811.606      79.0     5.101     -0.68 
4811.623      25.1     5.414     -2.34 
4811.635      20.0     5.014     -5.12 
4811.877      38.0     1.846      0.07 
4811.902      24.0     2.887     -4.01 
4811.979      28.0     3.655     -1.48 
4812.030      20.0     5.177     -1.78 
4812.033      25.1     6.180     -2.40 
4812.232      22.0     2.343     -0.58 
4812.233      24.0     4.200     -1.48 
4812.281      42.0     3.263     -1.91 
4812.337      24.1     3.861     -1.80 
4812.383      24.0     4.183     -4.15 
4812.404      15.0     7.411     -2.00 
4812.468      26.0     2.756     -5.40 
4812.478      42.0     3.300     -1.64 
4812.505      58.1     0.875     -1.56 
4812.622   23.0051     2.377    -3.545 
4812.622   23.0051     2.377    -4.171 
4812.622   23.0051     2.377    -5.036 
4812.630   23.0051     2.377    -3.761 
4812.630   23.0051     2.377    -4.010 
4812.630   23.0051     2.377    -4.608 
4812.637   23.0051     2.377    -4.018 
4812.637   23.0051     2.377    -4.044 
4812.637   23.0051     2.377    -4.358 
4812.643   23.0051     2.377    -4.182 
4812.643   23.0051     2.377    -4.182 
4812.643   23.0051     2.377    -4.483 
4812.695   23.0051     1.944    -4.118 
4812.695   23.0051     1.944    -4.373 
4812.695   23.0051     1.944    -4.403 
4812.699   23.0051     1.944    -3.930 
4812.699   23.0051     1.944    -3.985 
4812.699   23.0051     1.944    -4.373 
4812.706   23.0051     1.944    -3.730 
4812.706   23.0051     1.944    -3.839 
4812.706   23.0051     1.944    -4.424 
4812.716   23.0051     1.944    -3.532 
4812.716   23.0051     1.944    -3.817 
4812.716   23.0051     1.944    -4.549 
4812.719      23.1     6.019     -4.36 
4812.728   23.0051     1.944    -3.368 
4812.728   23.0051     1.944    -3.871 
4812.728   23.0051     1.944    -4.771 
4812.742   23.0051     1.944    -3.227 
4812.742   23.0051     1.944    -4.067 
4812.742   23.0051     1.944    -5.181 
4812.754      73.0     0.000     -1.86 
4812.800      66.0     1.055     -0.69 
4812.884      28.0     4.086     -1.38 
4812.893      22.0     0.848     -3.28 
4812.899      24.0     2.542     -6.83 
4812.920       6.0     7.475     -3.50 
4812.930      23.0     2.573     -2.85 
4812.967      27.0     4.229     -3.75 
4813.002      25.0     4.682     -1.45 
4813.002      25.0     4.682     -4.11 
4813.006      27.0     4.172     -3.44 
4813.019      20.0     5.177     -4.05 
4813.022      23.1     5.471     -2.40 
4813.113      26.0     3.271     -2.89 
4813.155      42.0     3.300     -1.52 
4813.434      22.0     3.145     -3.11 
4813.449      27.0     2.868     -2.12 
4813.467      27.0     3.213      0.05 
4813.496      69.0     2.447     -0.03 