# 
5297.743      90.0     1.090     -1.23 
5297.802      42.0     2.596     -2.64 
5297.904      25.0     5.407      0.15 
5297.963      26.0     4.962     -3.05 
5298.016      24.0     2.897     -0.06 
5298.029      22.0     3.699     -3.31 
5298.040      72.1     1.890     -1.26 
5298.042      26.1     6.724     -3.77 
5298.042      42.0     2.678     -1.92 
5298.090      59.1     0.633     -0.45 
5298.100      26.0     4.987     -3.37 
5298.169      26.0     5.096     -1.57 
5298.190       6.0     8.634     -3.71 
5298.201      26.0     5.029     -0.76 
5298.211      22.0     3.699     -3.33 
5298.266      58.0     0.294     -0.76 
5298.272      24.0     0.982     -1.14 
5298.321      26.0     5.082     -1.00 
5298.419      22.0     2.504     -0.29 
5298.491      26.0     3.045     -6.44 
5298.494      24.0     2.897     -0.35 
5298.538      28.0     5.338     -0.04 
5298.585      64.0     1.266     -0.72 
5298.637      22.0     3.348     -3.97 
5298.642      27.1     3.418     -5.93 
5298.680      26.0     3.412     -4.94 
5298.776      26.0     3.639     -2.16 
5298.797      76.0     3.510     -0.38 
5298.847      25.0     5.380     -0.48 
5298.853      26.0     4.987     -1.04 
5298.881      60.0     0.140     -0.62 
5298.945      26.0     4.909     -3.03 
5298.998      24.0     4.452     -3.61 
5299.044      25.0     5.380     -1.70 
5299.068      24.0     4.444     -1.94 
5299.158      58.0     0.670     -0.70 
5299.198      62.0     0.101     -2.24 
5299.294      24.0     4.452     -1.75 
5299.758   23.0051     2.245    -5.715 
5299.758   23.0051     2.245    -5.736 
5299.758   23.0051     2.245    -5.861 
5299.762   23.0051     2.245    -5.394 
5299.762   23.0051     2.245    -5.715 
5299.762   23.0051     2.245    -6.192 
5299.850      72.1     1.601     -2.31 
5299.880   23.0051     2.246    -4.786 
5299.880   23.0051     2.246    -4.786 
5299.880   23.0051     2.246    -5.087 
5299.897   23.0051     2.246    -4.622 
5299.897   23.0051     2.246    -4.648 
5299.897   23.0051     2.246    -4.962 
5299.919   23.0051     2.246    -4.365 
5299.919   23.0051     2.246    -4.614 
5299.919   23.0051     2.246    -5.212 
5299.947   23.0051     2.246    -4.149 
5299.947   23.0051     2.246    -4.775 
5299.947   23.0051     2.246    -5.640 
5299.950      24.0     3.123     -5.43 
5299.973       6.0     8.641     -2.55 
5300.010      22.0     1.052     -2.30 
5300.125       6.0     8.531     -2.99 
5300.200      69.0     1.931     -0.65 
5300.300      66.1     0.540     -2.47 
5300.365      26.0     4.952     -1.94 
5300.403      26.0     4.590     -1.75 
5300.550       6.0     8.641     -4.19 
5300.594      23.0     2.614     -1.50 
5300.745      24.0     0.982     -2.00 
5300.746      24.0     3.889     -1.66 
5300.865      26.0     4.590     -2.81 
5300.870       6.0     8.634     -2.76 
5300.922      26.1     6.719     -2.58 
5300.943      70.1     4.648     -0.80 
5300.957      25.0     5.334     -3.76 
5301.008   27.0059     1.709    -3.245 
5301.013      78.0     4.557      0.75 
5301.017   27.0059     1.709    -2.546 
5301.026   27.0059     1.709    -3.064 
5301.034   27.0059     1.709    -2.838 
5301.041   27.0059     1.709    -3.033 
5301.043   27.0059     1.709    -3.245 
5301.048   27.0059     1.709    -3.244 
5301.052   27.0059     1.709    -3.097 
5301.056   27.0059     1.709    -3.064 
5301.058   27.0059     1.709    -3.961 
5301.062   27.0059     1.709    -3.296 
5301.065   27.0059     1.709    -3.033 
5301.065   27.0059     1.709    -5.201 
5301.070   27.0059     1.709    -3.551 
5301.071   27.0059     1.709    -3.097 
5301.073      23.0     1.710     -2.69 
5301.074   27.0059     1.709    -3.296 
5301.101      27.0     2.135     -1.75 
5301.261      67.0     0.000     -1.59 
5301.313      26.0     4.383     -2.75 
5301.405      90.1     1.747     -1.38 
5301.445   23.0051     2.246    -4.982 
5301.445   23.0051     2.246    -5.158 
5301.446      27.0     4.471     -4.11 
5301.462   23.0051     2.246    -4.857 
5301.462   23.0051     2.246    -4.982 
5301.484   23.0051     2.246    -4.857 
5301.484   23.0051     2.246    -4.971 
5301.484   23.0051     2.246    -5.176 
5301.511      25.1     6.124     -4.80 
5301.512   23.0051     2.246    -4.560 
5301.512   23.0051     2.246    -4.971 
5301.584      66.0     0.000     -1.14 
5301.588   23.0051     1.929    -5.697 
5301.601   23.0051     1.929    -5.697 
5301.601   23.0051     1.929    -5.873 
5301.620   23.0051     1.929    -5.533 
5301.620   23.0051     1.929    -5.998 
5301.620   23.0051     1.929    -6.123 
5301.646   23.0051     1.929    -5.525 
5301.646   23.0051     1.929    -5.559 
5301.646   23.0051     1.929    -6.551 
5301.673      64.0     0.927     -0.09 
5301.678   23.0051     1.929    -5.276 
5301.678   23.0051     1.929    -5.686 
5301.716   23.0051     1.929    -5.060 
5301.817      20.0     5.386     -3.45 
5301.846   57.1139     0.403    -2.387 
5301.858   57.1139     0.403    -2.484 
5301.861   57.1139     0.403    -2.308 
5301.863      26.0     4.909     -4.32 
5301.879   57.1139     0.403    -2.630 
5301.883   57.1139     0.403    -2.125 
5301.886   57.1139     0.403    -2.609 
5301.908   57.1139     0.403    -2.864 
5301.913   57.1139     0.403    -2.066 
5301.918   57.1139     0.403    -2.191 
5301.932   21.0045     0.000    -3.678 
5301.932   21.0045     0.000    -3.854 
5301.940   21.0045     0.000    -3.553 
5301.940   21.0045     0.000    -3.678 
5301.946   57.1139     0.403    -3.282 
5301.950   21.0045     0.000    -3.553 
5301.950   21.0045     0.000    -3.667 
5301.950   21.0045     0.000    -3.872 
5301.953   57.1139     0.403    -2.100 
5301.958   57.1139     0.403    -1.920 
5301.963   21.0045     0.000    -3.256 
5301.963   21.0045     0.000    -3.667 
5301.967      40.0     2.199     -0.30 
5302.002   57.1139     0.403    -2.282 
5302.008   57.1139     0.403    -1.713 
5302.067   57.1139     0.403    -1.542 
5302.127   23.0051     2.276    -3.730 
5302.128   23.0051     2.276    -3.445 
5302.128   23.0051     2.276    -3.700 
5302.129   23.0051     2.276    -3.257 
5302.129   23.0051     2.276    -3.700 
5302.129   23.0051     2.276    -3.751 
5302.131   23.0051     2.276    -3.166 
5302.131   23.0051     2.276    -3.312 
5302.131   23.0051     2.276    -3.876 
5302.134   23.0051     2.276    -3.057 
5302.134   23.0051     2.276    -3.144 
5302.134   23.0051     2.276    -4.098 
5302.138   23.0051     2.276    -2.859 
5302.138   23.0051     2.276    -3.198 
5302.138   23.0051     2.276    -4.508 
5302.142   23.0051     2.276    -2.695 
5302.142   23.0051     2.276    -3.394 
5302.147       6.0     8.531     -4.32 
5302.147   23.0051     2.276    -2.554 
5302.160      26.0     4.952     -4.11 
5302.280      60.1     1.411     -0.14 
5302.298      26.0     4.909     -3.45 
5302.303      26.0     3.281     -0.73 
5302.303      68.1     2.477     -0.15 
5302.310      27.0     4.471     -3.75 
5302.361       6.0     8.634     -2.58 
5302.380      23.0     3.096     -1.91 
5302.411      24.0     3.373     -2.04 
5302.527      20.0     5.295     -4.33 
5302.577      22.0     3.715     -1.89 
5302.580      76.0     2.405     -1.94 
5302.582      57.1     2.056     -0.52 
5302.598      60.0     1.050     -0.01 
5302.690      20.0     5.022     -2.42 
5302.716      42.0     2.494     -2.69 
5302.757      64.0     0.812     -0.31 
5302.870       6.0     8.641     -1.84 
5302.909      24.0     2.980     -8.06 
5302.919      24.0     4.446     -2.69 
5303.009      20.0     5.296     -3.16 
5303.024       6.0     8.634     -3.28 
5303.036       6.0     8.531     -3.96 
5303.049      27.1     3.403     -5.21 
5303.049      90.1     1.598     -1.99 
5303.114      38.1     6.909     -0.49 
5303.200      60.1     0.380     -1.43 
5303.255      23.1     2.274     -1.94 
5303.300      62.0     1.741      0.22 
5303.318      58.0     0.206     -1.34 
5303.321      58.0     0.274     -0.96 
5303.430      64.1     1.287     -1.83 
5303.431      26.0     4.792     -3.48 
5303.499      23.0     2.636     -1.71 
5303.512   57.1139     0.321    -1.873 
5303.512   57.1139     0.321    -2.362 
5303.513   57.1139     0.321    -3.061 
5303.531   57.1139     0.321    -2.166 
5303.531   57.1139     0.321    -2.246 
5303.532   57.1139     0.321    -2.621 
5303.535      26.0     4.577     -3.45 
5303.545   57.1139     0.321    -2.621 
5303.546   57.1139     0.321    -2.350 
5303.546   57.1139     0.321    -2.366 