# 
4961.913      26.0     3.632     -2.29 
4961.940      62.1     0.434     -1.09 
4961.958      26.0     4.183     -1.70 
4962.103      58.1     1.102     -1.69 
4962.181      26.0     4.792     -3.77 
4962.204      24.0     5.267     -0.95 
4962.242      40.0     1.857     -0.87 
4962.259      38.0     1.846      0.25 
4962.277      22.0     1.052     -4.36 
4962.310      40.1     0.971     -2.00 
4962.323      23.1     5.533     -2.88 
4962.380      72.0     2.248     -1.19 
4962.421      28.0     3.594     -5.38 
4962.545      63.0     1.976     -0.15 
4962.572      26.0     4.175     -1.29 
4962.614      27.0     3.527     -1.93 
4962.693      25.0     4.341     -2.44 
4962.702      28.0     3.765     -3.61 
4962.897      42.0     3.196     -2.08 
4962.979      26.0     2.586     -4.59 
4963.089      28.0     4.164     -2.54 
4963.190      90.1     1.377     -1.84 
4963.263      22.0     0.825     -4.58 
4963.324      60.0     0.625      0.23 
4963.456      23.1     6.097     -4.06 
4963.483      39.0     1.982     -1.69 
4963.491      23.1     6.537     -4.47 
4963.573      22.0     3.212     -3.68 
4963.644      24.1     6.600     -2.76 
4963.703      45.0     1.364     -1.65 
4963.725      23.1     3.970     -2.12 
4963.737      22.0     3.321     -2.45 
4963.742      40.0     1.948     -0.70 
4963.776      22.0     3.580     -0.81 
4963.981      22.1     5.881     -3.21 
4964.008      22.1     4.006     -4.37 
4964.016      23.1     6.840     -3.45 
4964.091      26.0     3.881     -3.05 
4964.119      90.1     1.345     -1.55 
4964.292      24.1     3.906     -4.51 
4964.409      42.0     2.521     -1.27 
4964.421      22.0     3.184     -3.71 
4964.480      22.0     1.459     -2.84 
4964.526      22.0     3.332     -2.56 
4964.570      62.1     0.188     -1.86 
4964.615      22.0     3.556     -3.94 
4964.684      27.0     3.189     -5.29 
4964.717      22.0     1.967     -0.88 
4964.842      25.0     4.657     -2.76 
4964.927      24.0     0.941     -2.53 
4965.003      19.0     1.616     -3.20 
4965.030      19.0     1.616     -2.24 
4965.046      64.1     2.404     -0.38 
4965.166      28.0     3.793     -0.75 
4965.209      27.0     3.968     -1.50 
4965.258      26.0     4.577     -2.70 
4965.311   23.0051     2.129    -4.443 
4965.318   23.0051     2.129    -4.325 
4965.318   23.0051     2.129    -4.895 
4965.328   23.0051     2.129    -4.207 
4965.328   23.0051     2.129    -4.684 
4965.328   23.0051     2.129    -5.895 
4965.341   23.0051     2.129    -4.095 
4965.341   23.0051     2.129    -4.588 
4965.341   23.0051     2.129    -5.688 
4965.357   23.0051     2.129    -3.991 
4965.357   23.0051     2.129    -4.552 
4965.357   23.0051     2.129    -5.660 
4965.372      41.0     1.353     -1.42 
4965.377   23.0051     2.129    -3.895 
4965.377   23.0051     2.129    -4.568 
4965.377   23.0051     2.129    -5.740 
4965.400   23.0051     2.129    -3.805 
4965.400   23.0051     2.129    -4.650 
4965.400   23.0051     2.129    -5.932 
4965.409      23.1     3.796     -1.04 
4965.419      25.0     4.657     -3.81 
4965.419      26.0     4.603     -3.69 
4965.426   23.0051     2.129    -3.721 
4965.426   23.0051     2.129    -4.868 
4965.426   23.0051     2.129    -6.321 
4965.442      22.0     3.177     -2.67 
4965.480      22.0     3.196     -2.31 
4965.780      26.0     2.843     -3.58 
4965.780      60.1     0.550     -1.86 
4965.780      62.1     1.668     -1.20 
4965.805      24.0     5.270     -0.88 
4965.844   25.0055     2.886    -1.992 
4965.844   25.0055     2.886    -3.088 
4965.844   25.0055     2.886    -4.503 
4965.850   25.0055     2.886    -2.096 
4965.850   25.0055     2.886    -2.900 
4965.850   25.0055     2.886    -4.168 
4965.855   25.0055     2.886    -2.209 
4965.855   25.0055     2.886    -2.862 
4965.855   25.0055     2.886    -4.071 
4965.859   25.0055     2.886    -2.331 
4965.859   25.0055     2.886    -2.917 
4965.859   25.0055     2.886    -4.202 
4965.862   25.0055     2.886    -2.461 
4965.862   25.0055     2.886    -3.105 
4965.864   25.0055     2.886    -2.594 
4965.993      27.0     4.055     -2.19 
4966.028      22.0     2.159     -1.44 
4966.028      24.0     5.267     -0.29 
4966.085      23.1     1.792     -3.79 
4966.089      26.0     3.329     -0.79 
4966.112      23.0     2.965     -0.34 
4966.298      20.0     5.177     -2.25 
4966.374      58.0     0.964     -0.12 
4966.435      24.0     4.609     -2.04 
4966.459      42.0     3.779     -1.28 
4966.574      24.0     3.119     -4.35 
4966.581      27.0     0.431     -4.12 
4966.581      27.0     3.968     -0.47 
4966.611      22.0     3.176     -4.24 
4966.623      68.1     2.477     -0.54 
4966.660      22.0     3.543     -3.96 
4966.795      24.0     3.847     -0.95 
4966.903      70.0     2.442     -0.46 
4966.975      68.0     0.624     -0.93 
4967.022      26.0     4.952     -1.58 
4967.116      26.1     6.218     -3.52 
4967.140      60.1     1.159     -1.53 
4967.163      22.1     4.006     -4.61 
4967.206      26.1     2.340     -7.64 
4967.241      58.1     0.721     -2.07 
4967.257      26.0     4.183     -2.71 
4967.257      26.0     4.962     -3.24 
4967.296      22.0     0.000     -3.91 
4967.300      24.0     5.273     -0.91 
4967.322      92.0     0.471     -1.25 
4967.454      24.0     3.446     -2.62 
4967.518      27.0     4.229     -1.20 
4967.520      28.0     3.793     -1.57 
4967.591      26.0     2.988     -5.83 
4967.637      27.0     3.252     -6.39 
4967.780      41.0     1.612     -0.99 
4967.897      26.0     4.188     -0.53 