# 
4873.409      15.0     7.411     -2.60 
4873.442      28.0     3.696     -0.38 
4873.506      24.1     5.867     -4.08 
4873.653      27.0     2.784     -4.24 
4873.751      26.0     3.298     -3.06 
4873.910      25.0     3.769     -5.44 
4873.999      58.1     1.106     -0.69 
4874.009      22.1     3.092     -0.86 
4874.211      58.1     0.792     -2.14 
4874.353      26.0     3.069     -3.03 
4874.356      60.0     1.090      0.29 
4874.364      90.0     1.090     -1.50 
4874.531      58.0     0.000     -0.95 
4874.549      27.1     5.065     -6.33 
4874.594      20.0     5.045     -3.90 
4874.598      22.0     2.248     -2.00 
4874.652      24.0     3.110     -1.66 
4874.656      23.0     2.965     -3.56 
4874.784      23.1     3.750     -2.51 
4874.793      28.0     3.541     -1.44 
4874.875      22.0     3.317     -0.13 
4874.998      22.0     2.235     -5.53 
4875.030      26.0     4.730     -1.04 
4875.114      42.0     2.916     -1.77 
4875.219      23.1     6.542     -4.29 
4875.243      25.0     4.662     -2.05 
4875.262      25.0     3.376     -4.28 
4875.276      22.0     2.660     -0.84 
4875.288      25.0     5.177     -1.19 
4875.360      25.0     3.769     -3.80 
4875.372   23.0051     1.349    -5.967 
4875.375   23.0051     1.349    -5.682 
4875.375   23.0051     1.349    -5.937 
4875.381   23.0051     1.349    -5.494 
4875.381   23.0051     1.349    -5.937 
4875.381   23.0051     1.349    -5.988 
4875.391   23.0051     1.349    -5.403 
4875.391   23.0051     1.349    -5.549 
4875.391   23.0051     1.349    -6.113 
4875.403   23.0051     1.349    -5.294 
4875.403   23.0051     1.349    -5.381 
4875.403   23.0051     1.349    -6.335 
4875.419   23.0051     1.349    -5.096 
4875.419   23.0051     1.349    -5.435 
4875.419   23.0051     1.349    -6.745 
4875.438   23.0051     1.349    -4.932 
4875.438   23.0051     1.349    -5.631 
4875.442   23.0051     0.040    -3.375 
4875.454   23.0051     0.040    -2.260 
4875.455      25.0     5.177     -0.88 
4875.457      46.0     4.221     -0.12 
4875.460   23.0051     1.349    -4.791 
4875.461   23.0051     0.040    -2.964 
4875.468   23.0051     0.040    -1.420 
4875.471   23.0051     0.040    -2.064 
4875.477   23.0051     0.040    -2.742 
4875.483   23.0051     0.040    -1.561 
4875.485   23.0051     0.040    -2.010 
4875.491   23.0051     0.040    -2.617 
4875.495      23.1     5.463     -1.53 
4875.495   23.0051     0.040    -1.725 
4875.497   23.0051     0.040    -2.032 
4875.502   23.0051     0.040    -2.566 
4875.505   23.0051     0.040    -1.923 
4875.506   23.0051     0.040    -2.123 
4875.509   23.0051     0.040    -2.596 
4875.511   23.0051     0.040    -2.178 
4875.511   23.0051     0.040    -2.311 
4875.515   23.0051     0.040    -2.566 
4875.519      24.0     5.482     -1.31 
4875.532      22.0     3.145     -4.05 
4875.570      24.0     5.222     -2.92 
4875.570      65.1     0.126     -1.21 
4875.578      22.0     3.421     -3.99 
4875.621      23.1     4.002     -3.27 
4875.667      26.0     3.692     -7.89 
4875.714      60.0     0.293     -0.71 
4875.718      26.0     4.590     -2.66 
4875.835      25.0     4.675     -1.62 
4875.838      60.1     0.742     -1.09 
4875.878      26.0     3.332     -1.90 
4875.940      28.0     4.534     -4.08 
4875.987      23.0     2.053     -5.55 
4876.070      38.0     1.797     -0.90 
4876.110      60.1     0.559     -1.23 
4876.113      26.0     4.206     -4.40 
4876.186      26.0     3.249     -3.38 
4876.259      59.1     0.633     -1.16 
4876.272      20.0     5.177     -4.26 
4876.311      25.0     4.675     -0.99 
4876.312      38.0     1.846     -0.33 
4876.323      22.0     2.776     -3.65 
4876.398      24.0     4.093     -2.97 
4876.399      24.1     3.851     -1.46 
4876.430   23.0051     2.113    -3.344 
4876.430   23.0051     2.113    -3.485 
4876.430   23.0051     2.113    -3.649 
4876.430   23.0051     2.113    -3.847 
4876.430   23.0051     2.113    -3.934 
4876.430   23.0051     2.113    -3.956 
4876.430   23.0051     2.113    -3.988 
4876.430   23.0051     2.113    -4.047 
4876.430   23.0051     2.113    -4.102 
4876.430   23.0051     2.113    -4.184 
4876.430   23.0051     2.113    -4.235 
4876.430   23.0051     2.113    -4.490 
4876.430   23.0051     2.113    -4.490 
4876.430   23.0051     2.113    -4.520 
4876.430   23.0051     2.113    -4.541 
4876.430   23.0051     2.113    -4.666 
4876.430   23.0051     2.113    -4.888 
4876.430   23.0051     2.113    -5.298 
4876.473      24.1     3.861     -1.46 
4876.549      25.0     3.380     -5.01 
4876.584      13.0     3.140     -2.69 
4876.615      26.0     4.140     -3.10 
4876.670      24.1     6.681     -2.86 
4876.680      23.1     2.368     -5.59 
4876.756      27.0     4.206     -2.80 
4876.793      26.0     2.422     -4.88 
4876.819      13.0     3.140     -2.99 
4876.839      20.0     5.014     -4.45 
4876.961      24.0     4.443     -3.13 
4877.002      90.1     2.052     -0.83 
4877.044      23.0     1.798     -5.65 
4877.088      26.1     2.275     -6.91 
4877.203      23.0     2.614     -0.69 
4877.232      24.1     5.869     -4.30 
4877.234      23.1     2.034     -5.71 
4877.405      25.0     5.108     -3.86 
4877.558      23.0     2.876     -4.28 
4877.586      72.0     2.390     -0.46 
4877.604      26.0     2.996     -3.15 
4877.615      22.0     1.878     -7.28 
4877.669      26.0     3.249     -3.56 
4877.789      26.0     3.271     -5.65 
4877.807      24.1     5.869     -4.39 
4877.841      59.1     0.422     -0.96 
4877.848      22.0     3.137     -3.59 
4877.963      22.0     3.125     -1.32 
4878.005      24.0     3.977     -2.94 
4878.060      64.1     1.059     -1.77 
4878.117      23.0     2.893     -2.24 
4878.126      20.0     2.707     -0.33 
4878.151      26.0     3.637     -3.78 
4878.153      25.0     5.195     -1.95 
4878.202      24.0     5.489     -1.17 
4878.211      26.0     2.883     -1.01 
4878.216      24.0     3.446     -4.52 
4878.257      23.1     6.465     -4.52 
4878.279      74.0     2.240     -1.38 
4878.322      22.0     2.486     -3.28 
4878.346      68.1     0.886     -1.81 
4878.350      27.0     3.295     -1.85 
4878.359      42.0     2.521     -1.61 
4878.424      23.0     3.630     -4.38 
4878.676      23.0     2.682     -5.88 
4878.733      90.0     0.317     -1.96 
4878.751      24.0     4.444     -3.96 
4878.841      57.0     0.998     -0.60 
4878.954      24.0     4.204     -3.52 
4879.100      59.1     0.629     -1.03 
4879.145      73.0     2.963     -0.82 
4879.194      69.0     2.353     -0.25 
4879.200      27.1     5.051     -4.34 
4879.307      22.0     2.660     -2.80 
4879.341      27.0     2.698     -6.84 
4879.350      62.1     0.333     -2.53 
4879.367      23.1     6.524     -4.12 