# 
4751.008      23.0     2.330     -3.44 
4751.055      24.0     4.183     -1.40 
4751.059   23.0051     1.948    -5.714 
4751.062   23.0051     1.948    -5.429 
4751.062   23.0051     1.948    -5.684 
4751.069   23.0051     1.948    -5.241 
4751.069   23.0051     1.948    -5.684 
4751.069   23.0051     1.948    -5.735 
4751.079   23.0051     1.948    -5.150 
4751.079   23.0051     1.948    -5.296 
4751.079   23.0051     1.948    -5.860 
4751.084      26.0     4.183     -2.89 
4751.085   23.0051     0.286    -5.965 
4751.087   23.0051     0.286    -5.685 
4751.087   23.0051     0.286    -5.965 
4751.087   23.0051     0.286    -6.986 
4751.093   23.0051     0.286    -5.547 
4751.093   23.0051     0.286    -5.685 
4751.093   23.0051     0.286    -6.287 
4751.093   23.0051     1.948    -5.041 
4751.093   23.0051     1.948    -5.128 
4751.093   23.0051     1.948    -6.082 
4751.102   23.0051     0.286    -5.481 
4751.102   23.0051     0.286    -5.547 
4751.102   23.0051     0.286    -5.840 
4751.109   23.0051     1.948    -4.843 
4751.109   23.0051     1.948    -5.182 
4751.109   23.0051     1.948    -6.492 
4751.112      42.0     2.474     -2.13 
4751.113   23.0051     0.286    -5.474 
4751.113   23.0051     0.286    -5.481 
4751.113   23.0051     0.286    -5.509 
4751.128   23.0051     0.286    -5.246 
4751.128   23.0051     0.286    -5.474 
4751.128   23.0051     0.286    -5.539 
4751.130   23.0051     1.948    -4.679 
4751.130   23.0051     1.948    -5.378 
4751.131      24.0     3.367     -1.52 
4751.145   23.0051     0.286    -5.027 
4751.145   23.0051     0.286    -5.539 
4751.145   23.0051     0.286    -5.743 
4751.153   23.0051     1.948    -4.538 
4751.165   23.0051     0.286    -4.840 
4751.165   23.0051     0.286    -5.743 
4751.227   23.0051     2.241    -5.513 
4751.227   23.0051     2.241    -5.534 
4751.227   23.0051     2.241    -5.659 
4751.255   23.0051     2.241    -5.192 
4751.255   23.0051     2.241    -5.513 
4751.255   23.0051     2.241    -5.990 
4751.273      23.0     2.364     -0.99 
4751.365      26.0     4.431     -3.77 
4751.433      41.0     2.104     -0.53 
4751.439      23.0     2.357     -3.36 
4751.507      27.0     4.046     -1.23 
4751.515   23.0051     1.929    -2.046 
4751.515   23.0051     1.929    -2.301 
4751.525   23.0051     1.929    -1.847 
4751.525   23.0051     1.929    -2.046 
4751.525   23.0051     1.929    -3.954 
4751.540   23.0051     1.929    -1.783 
4751.540   23.0051     1.929    -1.847 
4751.540   23.0051     1.929    -2.711 
4751.547      58.1     1.243     -1.20 
4751.561   23.0051     1.929    -1.783 
4751.561   23.0051     1.929    -1.814 
4751.561   23.0051     1.929    -1.994 
4751.587   23.0051     1.929    -1.588 
4751.587   23.0051     1.929    -1.814 
4751.587   23.0051     1.929    -1.995 
4751.617   23.0051     1.929    -1.296 
4751.617   23.0051     1.929    -1.995 
4751.639   23.0051     1.948    -4.983 
4751.643   23.0051     1.948    -4.698 
4751.643   23.0051     1.948    -4.953 
4751.649   23.0051     1.948    -4.510 
4751.649   23.0051     1.948    -4.953 
4751.649   23.0051     1.948    -5.004 
4751.659   23.0051     1.948    -4.419 
4751.659   23.0051     1.948    -4.565 
4751.659   23.0051     1.948    -5.129 
4751.673   23.0051     1.948    -4.310 
4751.673   23.0051     1.948    -4.397 
4751.673   23.0051     1.948    -5.351 
4751.679      26.0     4.831     -3.04 
4751.690   23.0051     1.948    -4.112 
4751.690   23.0051     1.948    -4.451 
4751.690   23.0051     1.948    -5.761 
4751.710   23.0051     1.948    -3.948 
4751.710   23.0051     1.948    -4.647 
4751.733   23.0051     1.948    -3.807 
4751.794      24.0     3.419     -2.79 
4751.822      11.0     2.103     -2.09 
4751.841      23.0     2.129     -1.75 
4751.909      40.0     0.622     -1.89 
4752.078      23.0     2.606     -6.72 
4752.087      24.0     4.183      0.44 
4752.112      28.0     3.676     -1.77 
4752.121      27.0     4.143     -2.70 
4752.169      76.0     4.258     -0.09 
4752.203      74.0     2.351     -1.15 
4752.264      58.1     1.519     -0.82 
4752.324      24.0     4.183     -4.24 
4752.325      23.0     2.614     -2.98 
4752.365      25.0     3.380     -6.26 
4752.393   23.0051     2.377    -2.437 
4752.393   23.0051     2.377    -2.848 
4752.401   23.0051     2.377    -2.734 
4752.401   23.0051     2.377    -2.848 
4752.401   23.0051     2.377    -3.053 
4752.408   23.0051     2.377    -2.734 
4752.408   23.0051     2.377    -2.859 
4752.413   23.0051     2.377    -2.859 
4752.413   23.0051     2.377    -3.035 
4752.414      90.1     0.770     -1.62 
4752.415      28.0     3.655     -0.70 
4752.426      23.0     1.941     -4.21 
4752.530      65.1     0.000     -0.55 
4752.533      23.0     2.579     -1.45 
4752.576      58.0     0.384     -0.74 
4752.576      74.0     1.649     -1.85 
4752.624      24.0     4.528     -1.99 
4752.787      39.0     1.899      0.08 
4752.794      26.0     4.298     -3.17 
4752.897      24.0     3.367     -1.79 
4752.921      25.0     3.768     -3.18 
4753.048      20.0     6.022     -6.55 
4753.061      40.0     1.873     -0.50 
4753.147   21.0045     0.000    -2.894 
4753.147   21.0045     0.000    -2.894 
4753.147   21.0045     0.000    -3.195 
4753.153   21.0045     0.000    -2.730 
4753.153   21.0045     0.000    -2.756 
4753.153   21.0045     0.000    -3.070 
4753.161   21.0045     0.000    -2.473 
4753.161   21.0045     0.000    -2.722 
4753.161   21.0045     0.000    -3.320 
4753.171   21.0045     0.000    -2.257 
4753.171   21.0045     0.000    -2.883 
4753.171   21.0045     0.000    -3.748 
4753.179      25.1     6.128     -4.64 
4753.226      25.0     4.751     -2.44 
4753.321      27.0     4.229     -3.30 
4753.340      42.0     2.621     -2.07 
4753.459      25.0     4.432     -4.17 
4753.590      23.0     1.941     -4.44 
4753.692      27.1     3.865     -3.95 
4753.744      25.1     6.523     -4.47 
4753.893      25.0     5.210     -0.96 
4753.930      19.0     1.616     -2.97 
4753.931      23.0     2.073     -0.50 
4754.010      24.0     3.373     -1.15 
4754.021   25.0055     2.280    -0.647 
4754.033   25.0055     2.280    -0.787 
4754.036      26.0     4.730     -2.63 
4754.043   25.0055     2.280    -0.945 
4754.053      26.0     4.100     -3.73 
4754.053   25.0055     2.280    -1.129 
4754.055   25.0055     2.280    -1.565 
4754.056      25.1     6.135     -3.08 
4754.061   25.0055     2.280    -1.351 
4754.061   25.0055     2.280    -1.389 
4754.066   25.0055     2.280    -1.363 
4754.068   25.0055     2.280    -1.636 
4754.070   25.0055     2.280    -1.430 
4754.072   25.0055     2.280    -1.606 
4754.081   25.0055     2.280    -2.385 
4754.083   25.0055     2.280    -2.305 
4754.083   25.0055     2.280    -2.431 
4754.083   25.0055     2.280    -2.783 
4754.221      23.1     2.024     -4.87 
4754.277      22.1     1.230     -4.41 
4754.338      27.0     3.229     -0.85 
4754.358      22.0     2.159     -1.60 
4754.381      20.0     5.045     -2.37 
4754.409      22.0     3.455     -4.01 
4754.468      22.0     3.059     -2.38 
4754.510      26.1     2.640     -6.49 
4754.560   23.0051     2.276    -5.289 
4754.561   23.0051     2.276    -5.009 
4754.561   23.0051     2.276    -5.289 
4754.561   23.0051     2.276    -6.310 
4754.562   23.0051     2.276    -4.871 
4754.562   23.0051     2.276    -5.009 
4754.562   23.0051     2.276    -5.611 
4754.564   23.0051     2.276    -4.805 
4754.564   23.0051     2.276    -4.871 
4754.564   23.0051     2.276    -5.164 
4754.566   23.0051     2.276    -4.798 
4754.566   23.0051     2.276    -4.805 
4754.566   23.0051     2.276    -4.833 
4754.569   23.0051     2.276    -4.570 
4754.569   23.0051     2.276    -4.798 
4754.569   23.0051     2.276    -4.863 
4754.572   23.0051     2.276    -4.351 
4754.572   23.0051     2.276    -4.863 
4754.572   23.0051     2.276    -5.067 
4754.576   23.0051     2.276    -4.164 
4754.576   23.0051     2.276    -5.067 
4754.700      25.0     3.769     -2.02 
4754.740      24.0     3.090     -1.36 
4754.762      28.0     3.633     -0.98 
4754.946      42.0     3.393     -1.70 
4754.992      66.1     2.415     -0.09 
4755.037      25.0     3.370     -4.43 
4755.140      24.0     3.008     -1.45 
4755.152      26.0     4.555     -3.82 
4755.168      26.0     4.581     -4.00 
4755.172      26.0     2.725     -5.46 
4755.276      14.0     4.916     -2.66 
4755.313      41.0     1.629     -1.40 
4755.325      42.0     3.300     -1.72 
4755.343      64.1     2.447     -0.23 
4755.347      25.1     6.489     -4.31 
4755.370      62.1     0.277     -1.85 
4755.386      25.0     3.376     -4.79 
4755.451      24.0     3.842     -3.93 
4755.503      64.1     2.524     -0.16 
4755.530      58.1     0.721     -1.31 
4755.533      25.1     6.489     -7.16 
4755.580      45.0     1.782     -2.09 
4755.711      20.0     6.024     -3.78 
4755.727      25.1     5.393     -1.24 
4755.735      92.1     0.000     -2.16 
4755.796      24.0     4.204     -1.56 
4755.843      60.0     0.456      0.00 
4755.885      42.0     3.315     -1.44 
4755.905      22.0     3.332     -3.84 
4756.033      59.1     0.055     -1.43 
4756.051      24.0     2.985     -2.91 
4756.080      25.0     3.769     -2.35 
4756.112      24.0     3.102      0.09 
4756.164      24.0     4.102     -3.51 
4756.238      44.0     1.062     -1.74 
4756.241      25.0     3.380     -5.52 
4756.314      24.0     4.407     -4.18 
4756.431      23.0     2.581     -3.26 
4756.456      77.0     4.197     -0.15 
4756.512      73.0     0.491     -1.61 
4756.515      28.0     3.477     -0.27 
4756.521      26.0     4.073     -3.03 
4756.721      27.0     3.927     -0.01 
4756.750      25.1     6.489     -3.99 
4756.806      92.0     0.077     -1.01 
4756.867      22.0     2.238     -6.66 
4756.884      26.1     5.565     -4.36 
4756.936      25.1     6.489     -5.25 
4756.964      26.0     4.257     -3.23 
4756.979      22.1     5.881     -1.94 