# 
4703.570      60.1     0.380     -1.00 
4703.734      27.0     4.237     -3.94 
4703.803      28.0     3.655     -0.73 
4703.838      23.0     2.573     -2.57 
4703.888      24.0     5.130     -3.81 
4703.921      22.0     1.066     -3.92 
4703.990      90.0     0.000     -1.95 
4704.159      27.0     3.710     -0.57 
4704.334   23.0051     1.929    -6.949 
4704.334   23.0051     1.929    -7.204 
4704.334   23.0051     1.929    -7.234 
4704.345   23.0051     1.929    -6.761 
4704.345   23.0051     1.929    -6.816 
4704.345   23.0051     1.929    -7.204 
4704.360   23.0051     1.929    -6.561 
4704.360   23.0051     1.929    -6.670 
4704.360   23.0051     1.929    -7.255 
4704.380   23.0051     1.929    -6.363 
4704.380   23.0051     1.929    -6.648 
4704.380   23.0051     1.929    -7.380 
4704.384      27.0     3.710     -0.98 
4704.400      62.1     0.000     -0.86 
4704.405   23.0051     1.929    -6.199 
4704.405   23.0051     1.929    -6.702 
4704.405   23.0051     1.929    -7.602 
4704.422      20.0     4.776     -3.48 
4704.435   23.0051     1.929    -6.058 
4704.435   23.0051     1.929    -6.898 
4704.435   23.0051     1.929    -8.012 
4704.491      23.1     6.779     -3.88 
4704.499      24.0     2.980     -4.67 
4704.550      26.0     2.756     -6.94 
4704.573      27.0     2.955     -5.02 
4704.591      29.0     5.098     -0.78 
4704.648      22.0     3.427     -3.34 
4704.845      25.0     4.709     -3.03 
4704.948      26.0     3.684     -1.32 
4704.965      22.0     2.504     -4.54 
4704.989      24.0     5.107     -2.32 
4704.993   23.0051     2.377    -1.333 
4704.993   23.0051     2.377    -1.744 
4705.000      62.1     0.659     -2.25 
4705.002      24.0     4.141     -1.24 
4705.002   23.0051     2.377    -1.630 
4705.002   23.0051     2.377    -1.744 
4705.002   23.0051     2.377    -1.949 
4705.008   23.0051     2.377    -1.630 
4705.008   23.0051     2.377    -1.755 
4705.013   23.0051     2.377    -1.755 
4705.013   23.0051     2.377    -1.931 
4705.046      75.0     2.745     -0.70 
4705.082   23.0051     2.364    -2.642 
4705.083   23.0051     2.364    -2.357 
4705.083   23.0051     2.364    -2.612 
4705.084   23.0051     2.364    -2.169 
4705.084   23.0051     2.364    -2.612 
4705.084   23.0051     2.364    -2.663 
4705.086   23.0051     2.364    -2.078 
4705.086   23.0051     2.364    -2.224 
4705.086   23.0051     2.364    -2.788 
4705.089   23.0051     2.364    -1.969 
4705.089   23.0051     2.364    -2.056 
4705.089   23.0051     2.364    -3.010 
4705.092   23.0051     2.364    -1.771 
4705.092   23.0051     2.364    -2.110 
4705.092   23.0051     2.364    -3.420 
4705.097   23.0051     2.364    -1.607 
4705.097   23.0051     2.364    -2.306 
4705.101   23.0051     2.364    -1.466 
4705.230      23.1     6.474     -3.97 
4705.381      27.0     4.256     -3.71 
4705.425      24.0     4.201     -1.48 
4705.450      22.0     0.825     -4.11 
4705.457      26.0     3.544     -2.31 
4705.505      28.0     3.477     -2.29 
4705.618      22.1     5.643     -2.12 
4705.658      24.0     3.119     -3.50 
4705.690      22.0     3.321     -3.19 
4705.761      90.1     1.203     -1.21 
4705.843      22.0     3.405     -3.96 
4705.874      42.0     3.196     -1.61 
4705.911      22.0     3.184     -3.28 
4705.916      28.0     3.655     -1.39 
4706.051      42.0     2.913     -0.81 
4706.089      24.0     3.110     -1.23 
4706.090      73.0     1.393     -1.46 
4706.115   23.0051     1.929    -1.694 
4706.125   23.0051     1.929    -1.694 
4706.125   23.0051     1.929    -1.870 
4706.130      22.0     2.493     -5.37 
4706.140   23.0051     1.929    -1.530 
4706.140   23.0051     1.929    -1.995 
4706.140   23.0051     1.929    -2.120 
4706.160   23.0051     1.929    -1.522 
4706.160   23.0051     1.929    -1.556 
4706.160   23.0051     1.929    -2.548 
4706.167      74.0     2.036     -1.63 
4706.185   23.0051     1.929    -1.273 
4706.185   23.0051     1.929    -1.683 
4706.204      24.0     3.461     -1.54 
4706.216   23.0051     1.929    -1.057 
4706.251      90.1     0.867     -2.05 
4706.271      23.0     2.573     -0.57 
4706.300      26.0     3.639     -2.95 
4706.433      23.0     2.580     -5.70 
4706.540      60.1     0.000     -0.71 
4706.565      23.0     2.136     -0.14 
4706.632      28.0     3.844     -2.27 
4706.640      26.0     1.556     -5.71 
4706.675      21.0     4.988     -3.19 
4706.757      14.0     5.078     -2.33 
4706.956      60.0     0.140     -0.09 
4707.000      58.0     0.520     -0.28 
4707.001      26.0     3.265     -4.38 
4707.113      22.1     5.419     -4.34 
4707.170      42.0     3.393     -1.20 
4707.243      58.0     0.000     -0.71 
4707.247      42.0     2.595      0.04 
4707.275      26.0     3.241     -0.96 
4707.324      24.0     5.130     -3.25 
4707.330      64.1     1.371     -1.72 
4707.357      27.0     4.022     -2.14 
4707.382      22.1     5.229     -4.17 
4707.439      23.0     1.944     -1.01 
4707.481   23.0051     2.364    -5.503 
4707.482   23.0051     2.364    -5.223 
4707.482   23.0051     2.364    -5.503 
4707.482   23.0051     2.364    -6.524 
4707.484   23.0051     2.364    -5.085 
4707.484   23.0051     2.364    -5.223 
4707.484   23.0051     2.364    -5.825 
4707.486   23.0051     2.364    -5.019 
4707.486   23.0051     2.364    -5.085 
4707.486   23.0051     2.364    -5.378 
4707.488      26.0     2.843     -2.34 
4707.488   23.0051     2.364    -5.012 
4707.488   23.0051     2.364    -5.019 
4707.488   23.0051     2.364    -5.047 
4707.492   23.0051     2.364    -4.784 
4707.492   23.0051     2.364    -5.012 
4707.492   23.0051     2.364    -5.077 
4707.496   23.0051     2.364    -4.565 
4707.496   23.0051     2.364    -5.077 
4707.496   23.0051     2.364    -5.281 
4707.501   23.0051     2.364    -4.378 
4707.501   23.0051     2.364    -5.281 
4707.540      59.1     0.204     -1.28 
4707.640      22.0     3.059     -1.18 
4707.659      25.0     4.662     -3.64 
4707.726      26.0     3.632     -7.71 
4707.748      24.0     3.373     -1.29 
4707.772      40.0     1.481     -0.62 
4707.932      58.1     0.879     -1.14 
4707.940      65.1     1.114     -0.40 
4707.999      14.0     5.078     -3.84 
4708.013      24.0     3.165      0.07 
4708.073      59.1     0.055     -1.08 
4708.078      23.0     2.503     -8.36 
4708.100      90.1     1.453     -1.90 
4708.155      24.0     3.090     -3.06 
4708.177      57.0     1.138     -0.64 
4708.180      23.0     2.372     -2.76 
4708.222      42.0     2.258     -0.90 
4708.275      41.0     1.353     -0.66 
4708.306      23.0     2.876     -2.59 
4708.415      22.0     3.196     -3.80 
4708.429      22.0     1.872     -6.88 
4708.501      26.0     3.571     -6.92 
4708.597      23.0     2.576     -4.16 
4708.650      28.0     4.150     -2.25 
4708.663      22.1     1.236     -2.35 
4708.852      72.0     2.837     -0.20 
4708.858      39.0     1.886     -0.82 
4708.863      27.0     4.172     -2.29 
4708.885      77.0     2.361     -1.82 
4708.920      56.1     6.119     -0.89 
4708.926      26.0     4.590     -2.57 
4708.940      25.1     6.124     -3.17 
4708.951      22.0     2.159     -1.56 
4708.969      26.0     3.637     -2.03 
4709.014      24.0     2.980     -4.74 
4709.034      27.0     4.022     -2.96 
4709.088      26.0     3.651     -1.32 
4709.206      23.0     2.614     -8.22 
4709.242      24.1     5.867     -3.48 
4709.482      44.0     1.130     -0.54 
4709.498      26.0     3.249     -4.67 