# 
4956.146      19.0     1.616     -2.51 
4956.146      62.1     1.685     -1.22 
4956.316      68.1     2.602     -1.14 
4956.363      26.0     4.291     -2.84 
4956.399      25.0     3.380     -6.67 
4956.474      20.0     3.907     -9.29 
4956.567      42.0     3.300     -1.18 
4956.640      59.1     0.629     -0.84 
4956.701      22.0     3.102     -2.11 
4956.711      22.0     2.675     -2.59 
4956.717      24.0     3.446     -3.33 
4956.765      25.0     4.329     -2.09 
4956.797      64.0     1.880      0.08 
4956.906   23.0051     2.121    -4.894 
4956.909   23.0051     2.121    -4.631 
4956.909   23.0051     2.121    -4.827 
4956.913   23.0051     2.121    -4.427 
4956.913   23.0051     2.121    -4.631 
4956.913   23.0051     2.121    -5.526 
4956.920   23.0051     2.121    -4.257 
4956.920   23.0051     2.121    -4.526 
4956.920   23.0051     2.121    -5.371 
4956.929   23.0051     2.121    -4.111 
4956.929   23.0051     2.121    -4.479 
4956.929   23.0051     2.121    -5.371 
4956.940   23.0051     2.121    -3.982 
4956.940   23.0051     2.121    -4.485 
4956.940   23.0051     2.121    -5.468 
4956.954   23.0051     2.121    -3.866 
4956.954   23.0051     2.121    -4.558 
4956.954   23.0051     2.121    -5.672 
4956.961      42.0     3.779     -1.29 
4956.970   23.0051     2.121    -3.761 
4956.970   23.0051     2.121    -4.769 
4956.970   23.0051     2.121    -6.070 
4957.053      42.0     3.315     -1.92 
4957.084      23.0     1.375     -4.39 
4957.172      69.0     2.353      0.45 
4957.239      20.0     2.524     -3.75 
4957.291      64.0     1.962      0.37 
4957.298      26.0     2.849     -0.34 
4957.350      66.1     0.000     -1.09 
4957.371      22.0     2.343     -2.11 
4957.372      74.0     1.707     -1.78 
4957.441      24.0     2.985     -5.00 
4957.442      28.0     4.263     -3.22 
4957.472      22.0     1.442     -1.99 
4957.530      42.0     2.274     -0.93 
4957.596      26.0     2.806      0.13 
4957.633      23.0     1.710     -7.73 
4957.665      23.0     1.711     -1.96 
4957.682      26.0     4.188     -0.33 
4957.684      24.1     6.600     -2.75 
4957.721      25.0     4.350     -2.75 
4957.773      23.0     3.096     -3.32 
4957.800      24.1     6.280     -2.73 
4957.954      24.0     4.529     -3.25 
4958.007      22.0     2.693     -3.31 
4958.020      20.0     4.621     -3.47 
4958.080      24.0     5.207     -4.24 
4958.140      60.1     0.380     -1.24 
4958.193      42.0     2.916     -2.19 
4958.250      26.0     4.603     -3.04 
4958.273      24.0     3.432     -3.70 
4958.276      22.0     0.899     -2.50 
4958.326   23.0051     2.136    -4.317 
4958.337   23.0051     2.136    -4.234 
4958.337   23.0051     2.136    -5.042 
4958.352   23.0051     2.136    -4.148 
4958.352   23.0051     2.136    -4.824 
4958.352   23.0051     2.136    -6.255 
4958.371   23.0051     2.136    -4.064 
4958.371   23.0051     2.136    -4.730 
4958.371   23.0051     2.136    -6.021 
4958.381      26.0     4.253     -2.80 
4958.394   23.0051     2.136    -3.983 
4958.394   23.0051     2.136    -4.698 
4958.394   23.0051     2.136    -5.975 
4958.421   23.0051     2.136    -3.905 
4958.421   23.0051     2.136    -4.718 
4958.421   23.0051     2.136    -6.042 
4958.451   23.0051     2.136    -3.831 
4958.451   23.0051     2.136    -4.805 
4958.451   23.0051     2.136    -6.225 
4958.485   23.0051     2.136    -3.761 
4958.485   23.0051     2.136    -5.028 
4958.485   23.0051     2.136    -6.607 
4958.695      23.0     2.636     -2.61 
4958.758      64.0     1.400      0.12 
4958.810      64.1     1.101     -1.34 
4958.847      24.0     3.553     -2.15 
4958.912      24.0     5.524     -4.15 
4958.951      27.0     1.739     -4.26 
4958.978      25.1     6.908     -4.07 
4959.009      22.0     1.045     -4.65 
4959.120      60.1     0.064     -0.80 
4959.198      26.0     4.831     -2.78 
4959.241      26.0     4.952     -4.13 
4959.347      23.0     2.096     -3.89 
4959.369      74.1     2.743     -1.02 
4959.436      28.0     3.594     -4.17 
4959.441      20.0     5.014     -3.26 
4959.455      23.0     3.085     -3.00 
4959.531      24.0     3.553     -2.51 
4959.603      66.0     2.384      0.27 
4959.634      26.1     6.214     -4.03 
4959.650      42.0     1.380     -3.56 
4959.681      27.0     0.629     -4.62 
4959.757      22.0     1.979     -5.16 
4959.871      44.0     3.322     -0.03 
4959.945      23.0     1.711     -5.66 
4960.090      23.0     2.676     -2.27 
4960.198      63.0     1.969     -0.15 
4960.262      59.0     0.000     -0.47 
4960.306      26.0     3.879     -3.26 
4960.326      27.0     3.051     -3.72 
4960.495      90.1     1.204     -2.11 
4960.526      24.1     4.290     -4.05 
4960.609      26.0     4.792     -3.02 
4960.691      20.0     6.041     -1.91 
4960.793      42.0     3.714     -1.59 
4960.844      58.1     1.692     -0.70 
4960.873      20.0     6.041     -2.54 
4960.951      20.0     6.041     -2.10 
4961.112      26.0     4.253     -3.72 
4961.176      23.0     2.721     -6.87 
4961.301      27.0     1.709     -4.25 
4961.350      22.0     0.835     -5.86 
4961.387      60.1     0.630     -0.71 
4961.441      23.1     2.513     -3.89 
4961.477      42.0     3.387     -2.25 
4961.479      64.0     1.494     -0.30 
4961.489      58.1     0.696     -1.85 
4961.515      25.0     5.345     -1.80 
4961.534      20.0     5.045     -4.64 
4961.578      24.0     5.130     -3.21 
4961.619      24.0     3.110     -5.50 
4961.725      22.1     1.164     -5.89 
4961.798      27.0     3.295     -6.86 
4961.843      27.0     4.392     -2.81 
4961.913      26.0     3.632     -2.29 
4961.940      62.1     0.434     -1.09 
4961.958      26.0     4.183     -1.70 