# 
4880.747      28.0     2.738     -5.97 
4880.765      22.1     5.564     -3.09 
4880.798      42.0     3.731     -0.93 
4880.801      23.0     2.636     -2.36 
4880.897      22.0     3.303     -0.26 
4880.907      22.0     2.152     -0.91 
4880.948      20.0     5.041     -3.38 
4880.960      26.0     3.271     -4.15 
4881.074      24.0     4.528     -3.54 
4881.090      64.0     1.400     -0.05 
4881.104      23.1     3.796     -2.94 
4881.119      24.0     4.236     -2.00 
4881.123      23.1     6.529     -4.04 
4881.161      25.0     4.824     -3.43 
4881.193      26.0     4.962     -3.96 
4881.237      40.0     0.650     -1.49 
4881.273      27.0     4.206     -1.54 
4881.287      25.0     5.108     -4.01 
4881.294      24.0     4.096     -4.40 
4881.374      64.0     1.547     -0.02 
4881.436      39.1     0.408     -2.79 
4881.452      20.0     6.000     -4.13 
4881.499   23.0051     0.069    -3.623 
4881.512   23.0051     0.069    -2.321 
4881.522   23.0051     0.069    -3.225 
4881.526   23.0051     0.069    -1.313 
4881.533   23.0051     0.069    -2.110 
4881.537      58.0     0.028     -1.02 
4881.540      25.0     4.662     -1.11 
4881.542   23.0051     0.069    -3.020 
4881.546   23.0051     0.069    -1.418 
4881.551   23.0051     0.069    -2.037 
4881.559      20.0     6.000     -3.63 
4881.559   23.0051     0.069    -2.923 
4881.562   23.0051     0.069    -1.534 
4881.566   23.0051     0.069    -2.031 
4881.573   23.0051     0.069    -2.923 
4881.575   23.0051     0.069    -1.663 
4881.578   23.0051     0.069    -2.078 
4881.584   23.0051     0.069    -3.078 
4881.585   23.0051     0.069    -1.809 
4881.587   23.0051     0.069    -2.183 
4881.593   23.0051     0.069    -1.979 
4881.593   23.0051     0.069    -2.379 
4881.597   23.0051     0.069    -2.183 
4881.598   23.0051     0.069    -2.446 
4881.697      60.0     0.000     -0.97 
4881.718      26.0     3.299     -1.78 
4881.734      26.0     4.140     -2.92 
4881.741      26.0     3.639     -3.99 
4881.795      25.0     4.723     -2.70 
4881.833      24.0     2.980     -3.83 
4881.860      42.0     2.521     -2.23 
4881.934      64.1     2.249     -0.51 
4881.966      73.0     1.357     -2.39 
4881.974      27.0     3.051     -5.16 
4882.095      22.0     2.266     -3.97 
4882.143      26.0     3.414     -1.48 
4882.166      23.0     1.182     -2.01 
4882.207      25.0     4.709     -2.48 
4882.245      59.0     0.000     -0.75 
4882.255      26.0     4.792     -2.94 
4882.327      22.0     2.254     -0.95 
4882.463      58.1     1.527      0.19 
4882.626      22.0     2.693     -1.18 
4882.650      72.1     2.194     -2.68 
4882.694      27.0     3.250     -0.98 
4882.880      60.1     0.742     -1.41 
4882.916      27.0     4.146     -3.53 
4883.035   25.0055     3.132    -8.039 
4883.038   25.0055     3.132    -7.754 
4883.040   25.0055     3.132    -8.009 
4883.044   25.0055     3.132    -7.532 
4883.047   25.0055     3.132    -7.833 
4883.050   25.0055     3.132    -8.787 
4883.053   25.0055     3.132    -7.348 
4883.056      23.1     6.832     -3.63 
4883.058   25.0055     3.132    -7.766 
4883.061   25.0055     3.132    -8.708 
4883.066   25.0055     3.132    -7.190 
4883.072   25.0055     3.132    -7.792 
4883.077   25.0055     3.132    -8.833 
4883.083   25.0055     3.132    -7.050 
4883.090   25.0055     3.132    -7.968 
4883.096   25.0055     3.132    -9.185 
4883.135      14.0     7.333     -4.20 
4883.204      64.0     1.266     -0.18 
4883.225      42.0     3.263     -2.00 
4883.407      23.1     3.793     -0.78 
4883.457      24.0     3.446     -4.43 
4883.529      23.1     3.750     -3.32 
4883.543      26.0     4.909     -1.73 
4883.593      40.0     0.686     -1.45 
4883.684      39.1     1.083      0.07 
4883.777      62.0     0.036     -0.59 
4883.783      92.1     0.284     -2.25 
4883.811      60.0     0.625      0.77 
4883.870      27.1     5.051     -5.66 
4883.879      27.0     4.146     -3.75 
4883.911      26.0     4.545     -4.23 
4883.948      73.0     1.146     -1.82 
4883.982      62.0     0.387      0.29 
4883.990   23.0051     1.847    -8.646 
4883.990   23.0051     1.847    -8.784 
4883.990   23.0051     1.847    -8.784 
4883.990   23.0051     1.847    -9.064 
4883.990   23.0051     1.847    -9.064 
4883.990   23.0051     1.847    -9.386 
4883.990   23.0051     1.847   -10.085 
4883.991   23.0051     1.847    -8.580 
4883.991   23.0051     1.847    -8.646 
4883.991   23.0051     1.847    -8.939 
4883.992   23.0051     1.847    -8.573 
4883.992   23.0051     1.847    -8.580 
4883.992   23.0051     1.847    -8.608 
4883.994   23.0051     1.847    -8.345 
4883.994   23.0051     1.847    -8.573 
4883.994   23.0051     1.847    -8.638 
4883.995   23.0051     1.847    -8.126 
4883.995   23.0051     1.847    -8.638 
4883.995   23.0051     1.847    -8.842 
4883.997   23.0051     1.847    -7.939 
4883.997   23.0051     1.847    -8.842 
4884.043      63.0     1.992     -0.26 
4884.051      23.1     3.755     -1.95 
4884.052      26.0     4.140     -3.85 
4884.058      26.0     2.452     -6.11 
4884.075   25.0055     3.133    -6.134 
4884.077      22.0     1.872     -7.59 
4884.078      26.0     3.298     -3.38 
4884.078   25.0055     3.133    -5.037 
4884.080   25.0055     3.133    -6.003 
4884.081   25.0055     3.133    -4.526 
4884.084   25.0055     3.133    -4.849 
4884.086   25.0055     3.133    -6.100 
4884.088   25.0055     3.133    -4.393 
4884.092   25.0055     3.133    -4.794 
4884.095   25.0055     3.133    -6.435 
4884.097   25.0055     3.133    -4.263 
4884.102   25.0055     3.133    -4.832 
4884.108   25.0055     3.133    -4.141 
4884.114   25.0055     3.133    -5.020 
4884.121      24.0     4.613     -1.31 
4884.121   25.0055     3.133    -4.028 
4884.136   25.0055     3.133    -3.924 
4884.247      23.1     6.453     -4.58 
4884.331      42.0     2.593     -2.04 
4884.459      59.0     0.000     -1.08 
4884.580      26.0     4.555     -3.43 
4884.607      24.1     3.855     -2.08 
4884.634   25.0055     3.133    -6.406 
4884.636   25.0055     3.133    -6.151 
4884.637   25.0055     3.133    -6.208 
4884.641   25.0055     3.133    -6.087 
4884.643   25.0055     3.133    -6.143 
4884.643   25.0055     3.133    -6.406 
4884.648   25.0055     3.133    -5.912 
4884.651   25.0055     3.133    -6.174 
4884.651   25.0055     3.133    -6.208 
4884.653      24.0     3.365     -2.67 
4884.657   25.0055     3.133    -5.720 
4884.661   25.0055     3.133    -6.356 
4884.662   25.0055     3.133    -6.143 
4884.668   25.0055     3.133    -5.535 
4884.674   25.0055     3.133    -6.174 
4884.682   25.0055     3.133    -5.364 
4884.689   25.0055     3.133    -6.356 
4884.800      24.0     4.437     -4.13 
4884.830      22.0     3.291     -0.38 
4884.938      24.0     5.482     -0.08 
4884.939      24.0     2.542     -5.22 
4884.956      42.0     3.435     -1.39 
4884.999      60.0     0.625      0.23 
4885.003      26.0     3.299     -4.20 
4885.079      22.0     1.886      0.41 
4885.141      92.0     0.000     -1.65 
4885.201      22.0     2.675     -1.68 
4885.317      42.0     3.441     -1.29 
4885.326      23.1     6.857     -2.18 
4885.431      26.0     3.882     -0.97 
4885.638      42.0     3.435     -1.47 
4885.645      23.0     2.129     -0.89 
4885.665      27.0     3.927     -2.11 
4885.686      28.1     7.247     -2.84 
4885.770      24.0     2.542     -1.05 
4885.834      23.0     2.330     -3.16 
4885.838      26.0     4.581     -4.07 
4885.918      20.0     6.003     -4.82 
4885.952      24.0     3.085     -1.12 
4885.967      22.0     2.504     -1.30 
4886.016      25.0     5.210     -1.71 
4886.032      59.1     0.633     -1.14 
4886.035      25.1     6.180     -2.86 
4886.177      58.0     1.162     -0.05 
4886.181      26.0     3.109     -3.23 
4886.205      26.0     2.947     -5.09 
4886.251      22.0     2.576     -3.56 
4886.284      68.1     0.636     -1.75 
4886.291      24.0     3.110     -3.03 
4886.308      39.0     1.886     -0.40 
4886.326      92.1     0.685     -2.06 
4886.332      26.0     4.151     -0.69 
4886.350      22.0     3.137     -2.39 
4886.385      20.0     4.776     -2.80 
4886.402      24.0     5.151     -3.66 
4886.433      26.0     4.183     -4.24 
4886.468      42.0     2.913     -1.19 
4886.639      24.0     4.614     -2.13 
4886.639      39.0     1.982     -0.50 