# 
4643.250      25.0     4.657     -1.56 
4643.310      41.0     0.267     -1.91 
4643.464      26.0     3.651     -1.29 
4643.487      59.1     0.055     -1.17 
4643.507      23.0     2.576     -1.65 
4643.520      26.0     3.639     -6.00 
4643.613      20.0     5.581     -4.00 
4643.675      41.0     1.368     -1.22 
4643.688      39.0     0.000     -0.45 
4643.735      27.0     3.407     -1.89 
4643.774      58.1     0.892     -1.57 
4643.781      24.0     3.426     -3.93 
4643.861      14.0     5.078     -2.80 
4643.881      24.0     4.407     -2.01 
4643.903      20.0     5.581     -3.04 
4643.909      24.0     3.119     -3.03 
4643.919      22.1     5.424     -3.69 
4644.100      26.1     2.690     -6.54 
4644.194      26.0     4.603     -3.65 
4644.216      58.1     1.026     -0.88 
4644.314      27.0     4.055     -0.69 
4644.365      27.0     4.069     -4.05 
4644.469      24.0     3.085     -5.71 
4644.503      27.0     4.237     -2.62 
4644.513      26.0     4.603     -2.41 
4644.578      69.0     2.199     -0.23 
4644.773      23.0     2.330     -1.23 
4644.781      28.0     3.594     -5.15 
4644.790      24.0     4.407     -3.13 
4644.801      40.0     1.821      0.04 
4644.963      60.0     0.293     -0.61 
4645.008      24.0     4.609     -3.15 
4645.099      44.0     2.485     -0.09 
4645.142      27.0     3.809     -2.38 
4645.149      27.0     0.629     -5.32 
4645.180      24.0     3.889     -3.37 
4645.183      24.0     4.437     -1.33 
4645.188      22.0     1.732     -0.51 
4645.275   57.1139     0.126    -3.263 
4645.276   57.1139     0.126    -3.068 
4645.277   57.1139     0.126    -3.015 
4645.277   57.1139     0.126    -3.041 
4645.278   57.1139     0.126    -3.140 
4645.279   57.1139     0.126    -3.362 
4645.280   57.1139     0.126    -2.455 
4645.280   57.1139     0.126    -2.683 
4645.280   57.1139     0.126    -2.969 
4645.280   57.1139     0.126    -3.355 
4645.280   57.1139     0.126    -3.839 
4645.280   57.1139     0.126    -3.985 
4645.280   57.1139     0.126   -21.790 
4645.281   57.1139     0.126    -3.362 
4645.282   57.1139     0.126    -3.140 
4645.283   57.1139     0.126    -3.015 
4645.283   57.1139     0.126    -3.041 
4645.284   57.1139     0.126    -3.068 
4645.285   57.1139     0.126    -3.263 
4645.310      65.1     0.000     -0.90 
4645.313      23.0     2.606     -5.02 
4645.344      24.0     4.613     -1.17 
4645.380      42.0     2.258     -2.56 
4645.401      62.0     0.036     -0.48 
4645.492      25.0     4.675     -2.82 
4645.631      26.0     4.604     -2.38 
4645.760      60.1     0.559     -0.76 
4645.974      23.0     0.040     -3.37 
4646.007      64.0     1.466      0.38 
4646.050      59.1     0.216     -1.14 
4646.128      20.0     5.045     -7.58 
4646.140      74.0     2.385     -1.02 
4646.162      24.0     1.029     -0.74 
4646.231      22.0     2.248     -3.10 
4646.264      24.0     4.204     -1.69 
4646.291      42.0     3.196     -1.78 
4646.330      64.1     1.287     -1.18 
4646.359   23.0051     1.063    -1.577 
4646.360      57.0     1.234     -0.40 
4646.365   23.0051     1.063    -2.203 
4646.370   23.0051     1.063    -3.068 
4646.388      60.0     0.456      0.05 
4646.390   23.0051     1.063    -1.793 
4646.395   23.0051     1.063    -2.042 
4646.396      24.0     4.204     -3.48 
4646.399   23.0051     1.063    -2.640 
4646.415   23.0051     1.063    -2.076 
4646.419   23.0051     1.063    -2.050 
4646.422   23.0051     1.063    -2.390 
4646.434   23.0051     1.063    -2.515 
4646.437   23.0051     1.063    -2.214 
4646.439   23.0051     1.063    -2.214 
4646.485      24.0     3.077     -1.03 
4646.581      22.0     2.101     -5.82 
4646.597      92.1     0.113     -1.67 
4646.651      27.0     2.698     -3.57 
4646.680      62.1     0.277     -1.03 
4646.697      22.0     2.101     -4.08 
4646.701   23.0051     1.954    -5.760 
4646.701   23.0051     1.954    -5.956 
4646.709   23.0051     1.954    -5.735 
4646.709   23.0051     1.954    -5.746 
4646.709   23.0051     1.954    -5.956 
4646.720   23.0051     1.954    -5.608 
4646.720   23.0051     1.954    -5.632 
4646.720   23.0051     1.954    -5.735 
4646.735   23.0051     1.954    -5.441 
4646.735   23.0051     1.954    -5.589 
4646.735   23.0051     1.954    -5.632 
4646.753   23.0051     1.954    -5.272 
4646.753   23.0051     1.954    -5.589 
4646.753   23.0051     1.954    -5.600 
4646.759      25.1     5.811     -5.18 
4646.775      24.0     3.099     -0.84 
4646.775   23.0051     1.954    -5.113 
4646.775   23.0051     1.954    -5.600 
4646.775   23.0051     1.954    -5.677 
4646.801   23.0051     1.954    -4.965 
4646.801   23.0051     1.954    -5.677 
4646.801   23.0051     1.954    -5.892 
4646.830   23.0051     1.954    -4.829 
4646.830   23.0051     1.954    -5.892 
4646.895      23.0     2.073     -7.51 
4646.910      28.0     3.633     -2.98 
4646.916      26.0     4.412     -3.82 
4646.949      41.0     2.271     -0.43 
4646.958      22.0     2.425     -2.85 
4646.990      59.0     0.000     -0.39 
4647.118      24.1     3.736     -4.95 
4647.179      26.0     4.635     -1.30 
4647.213      20.0     5.963     -3.68 
4647.239   23.0051     1.852    -4.084 
4647.239   23.0051     1.852    -4.151 
4647.239   23.0051     1.852    -4.783 
4647.242      26.0     2.843     -4.88 
4647.243   23.0051     1.852    -3.888 
4647.243   23.0051     1.852    -3.888 
4647.243   23.0051     1.852    -4.628 
4647.249   23.0051     1.852    -3.684 
4647.249   23.0051     1.852    -3.783 
4647.249   23.0051     1.852    -4.628 
4647.256   23.0051     1.852    -3.514 
4647.256   23.0051     1.852    -3.736 
4647.256   23.0051     1.852    -4.725 
4647.266   23.0051     1.852    -3.368 
4647.266   23.0051     1.852    -3.742 
4647.266   23.0051     1.852    -4.929 
4647.277   23.0051     1.852    -3.239 
4647.277   23.0051     1.852    -3.815 
4647.277   23.0051     1.852    -5.327 
4647.287      58.1     0.327     -1.81 
4647.290   23.0051     1.852    -3.123 
4647.290   23.0051     1.852    -4.026 
4647.305   23.0051     1.852    -3.018 
4647.335      24.0     4.528     -3.48 
4647.422      58.1     0.703     -1.28 
4647.428      28.0     3.633     -2.10 
4647.434      26.0     2.947     -1.31 
4647.490      57.1     1.945     -0.84 
4647.511      24.0     3.119     -2.77 
4647.540      62.1     0.659     -0.96 
4647.604      44.0     1.002     -0.77 
4647.622      24.0     4.614     -1.95 
4647.632      27.0     4.069     -3.92 
4647.654      64.0     0.213     -0.84 
4647.750      60.1     0.204     -1.69 
4647.796      27.0     4.110     -4.20 
4647.812      42.0     2.289     -1.42 
4647.853   23.0051     2.364    -3.163 
4647.853   23.0051     2.364    -3.443 
4647.853   23.0051     2.364    -3.443 
4647.853   23.0051     2.364    -4.464 
4647.855   23.0051     2.364    -3.025 
4647.855   23.0051     2.364    -3.163 
4647.855   23.0051     2.364    -3.765 
4647.857   23.0051     2.364    -2.959 
4647.857   23.0051     2.364    -3.025 
4647.857   23.0051     2.364    -3.318 
4647.859   23.0051     2.364    -2.952 
4647.859   23.0051     2.364    -2.959 
4647.859   23.0051     2.364    -2.987 
4647.863   23.0051     2.364    -2.724 
4647.863   23.0051     2.364    -2.952 
4647.863   23.0051     2.364    -3.017 
4647.867   23.0051     2.364    -2.505 
4647.867   23.0051     2.364    -3.017 
4647.867   23.0051     2.364    -3.221 
4647.868      26.0     3.109     -3.17 
4647.872   23.0051     2.364    -2.318 
4647.872   23.0051     2.364    -3.221 
4648.060      25.1     6.180     -3.07 
4648.069      62.0     0.387      0.24 
4648.110      23.1     3.800     -4.25 
4648.116      24.0     2.542     -1.39 
4648.140      27.0     4.143     -3.08 
4648.160      62.1     0.000     -1.51 
4648.235      26.1     2.842     -4.85 
4648.279      24.0     3.887     -4.20 
4648.320      24.0     2.998     -2.20 
4648.510      20.0     5.014     -5.57 
4648.513      58.1     1.041     -1.78 
4648.593      64.0     1.530      0.44 
4648.626      26.0     4.581     -1.80 
4648.630      62.1     0.333     -2.35 
4648.636      26.0     3.692     -4.09 
4648.637      57.0     0.331     -1.05 
4648.646      27.0     2.716     -2.80 
4648.652      28.0     3.417     -0.09 
4648.653      22.0     3.111     -2.91 
4648.680      27.0     2.868     -4.18 
4648.689      23.0     2.579     -2.71 
4648.707      64.0     1.283      0.20 
4648.711      24.0     4.529     -2.95 
4648.788      26.0     4.442     -4.37 
4648.868      24.0     2.542     -1.54 
4648.868      24.0     3.553     -0.70 
4648.877      26.0     4.368     -3.08 
4648.907      26.0     4.603     -2.62 
4648.944      26.1     2.581     -4.39 
4648.944      41.0     0.142     -0.90 
4648.974      26.0     3.265     -5.42 
4648.981      27.0     4.206     -2.65 
4648.984      26.0     4.188     -2.43 
4649.032      20.0     5.045     -7.78 
4649.059      42.0     3.199     -1.39 
4649.062      42.0     3.209     -1.64 
4649.110      24.0     2.870     -4.11 
4649.113      25.1     6.172     -4.77 
4649.126      42.0     3.031     -1.74 
4649.160      62.1     0.659     -1.92 