# 
4979.125      42.0     1.334     -1.59 
4979.147      22.0     3.177     -3.78 
4979.164      45.0     1.483     -1.65 
4979.179      24.0     3.119     -4.00 
4979.259      22.0     2.173     -1.59 
4979.309      26.0     4.555     -4.10 
4979.325      76.0     2.009     -1.79 
4979.338   23.0051     2.377    -4.141 
4979.338   23.0051     2.377    -4.552 
4979.347   23.0051     2.377    -4.438 
4979.347   23.0051     2.377    -4.552 
4979.347   23.0051     2.377    -4.757 
4979.355   23.0051     2.377    -4.438 
4979.355   23.0051     2.377    -4.563 
4979.360   23.0051     2.377    -4.563 
4979.360   23.0051     2.377    -4.739 
4979.469      22.1     5.563     -4.23 
4979.542      26.0     4.962     -3.99 
4979.587      26.0     3.637     -2.58 
4979.607      26.0     3.015     -6.54 
4979.676      26.0     4.253     -4.06 
4979.721      26.0     4.555     -2.85 
4979.757      26.0     4.545     -3.82 
4979.792      27.0     3.527     -5.27 
4979.833      26.0     3.015     -3.97 
4979.841      74.0     2.265     -1.07 
4979.938      27.0     4.061     -0.40 
4979.958      67.0     0.000     -1.02 
4979.991      42.0     3.904     -0.97 
4980.074      24.0     4.444     -2.32 
4980.088      20.0     4.760     -4.28 
4980.122      27.1     5.118     -2.40 
4980.124      27.0     4.256     -2.46 
4980.129   23.0051     2.136    -9.337 
4980.129   23.0051     2.136    -9.907 
4980.140   23.0051     2.136    -9.311 
4980.140   23.0051     2.136    -9.686 
4980.140   23.0051     2.136    -9.907 
4980.155   23.0051     2.136    -9.230 
4980.155   23.0051     2.136    -9.589 
4980.155   23.0051     2.136    -9.686 
4980.173      28.0     3.603      0.07 
4980.175   23.0051     2.136    -9.125 
4980.175   23.0051     2.136    -9.554 
4980.175   23.0051     2.136    -9.589 
4980.198   23.0051     2.136    -9.012 
4980.198   23.0051     2.136    -9.554 
4980.198   23.0051     2.136    -9.572 
4980.225   23.0051     2.136    -8.898 
4980.225   23.0051     2.136    -9.572 
4980.225   23.0051     2.136    -9.656 
4980.255   23.0051     2.136    -8.787 
4980.255   23.0051     2.136    -9.656 
4980.255   23.0051     2.136    -9.877 
4980.283      26.0     4.175     -1.50 
4980.290   23.0051     2.136    -8.680 
4980.290   23.0051     2.136    -9.877 
4980.315      24.0     3.011     -2.93 
4980.357      44.0     1.192     -0.70 
4980.392      23.1     6.857     -1.35 
4980.441      20.0     5.177     -3.59 
4980.540      26.0     4.183     -1.25 
4980.648      27.0     4.143     -2.84 
4980.680      69.1     2.945     -0.35 
4980.886      60.0     0.838      0.00 
4980.893      25.0     4.350     -2.90 
4980.951      90.1     0.829     -2.48 
4980.975      23.0     1.802     -4.56 
4981.050      42.0     2.621     -2.53 
4981.061      24.0     4.609     -0.71 
4981.151      27.0     4.392     -3.64 
4981.272      26.0     4.291     -4.45 
4981.276      60.1     0.742     -0.94 
4981.322      24.0     3.011     -3.26 
4981.355      22.1     1.565     -3.16 
4981.369      24.0     5.276     -1.95 
4981.633      24.0     5.278      0.14 
4981.635      24.0     5.176     -2.06 
4981.717      62.1     0.659     -2.05 
4981.731      22.0     0.848      0.57 
4981.792      27.0     3.968     -1.17 
4981.815      42.0     3.387     -1.38 
4981.892      42.0     2.474     -2.51 
4981.905      22.0     2.425     -3.64 
4981.966      39.0     1.982     -1.98 
4982.075      25.0     4.709     -1.74 
4982.127      25.0     4.341     -2.74 
4982.128      39.1     1.032     -1.29 
4982.246      23.1     3.800     -2.46 
4982.365      26.0     4.952     -4.20 
4982.499      26.0     4.100      0.16 
4982.537      26.0     4.280     -4.45 
4982.586      74.0     0.000     -2.48 
4982.627   23.0051     2.121    -5.398 
4982.630   23.0051     2.121    -5.135 
4982.630   23.0051     2.121    -5.331 
4982.634   23.0051     2.121    -4.931 
4982.634   23.0051     2.121    -5.135 
4982.634   23.0051     2.121    -6.030 
4982.641   23.0051     2.121    -4.761 
4982.641   23.0051     2.121    -5.030 
4982.641   23.0051     2.121    -5.875 
4982.650   23.0051     2.121    -4.615 
4982.650   23.0051     2.121    -4.983 
4982.650   23.0051     2.121    -5.875 
4982.656      22.1     3.999     -4.57 
4982.662   23.0051     2.121    -4.486 
4982.662   23.0051     2.121    -4.989 
4982.662   23.0051     2.121    -5.972 
4982.675   23.0051     2.121    -4.370 
4982.675   23.0051     2.121    -5.062 
4982.675   23.0051     2.121    -6.176 
4982.691   23.0051     2.121    -4.265 
4982.691   23.0051     2.121    -5.273 
4982.691   23.0051     2.121    -6.574 
4982.718      23.0     3.096     -2.12 
4982.809      11.0     2.103     -1.91 
4982.814      11.0     2.103     -0.95 
4982.884      60.0     0.456     -0.17 
4983.016      27.0     2.716     -3.07 
4983.023      27.0     4.237     -1.64 
4983.024       6.0     8.636     -3.52 
4983.106       6.0     8.636     -2.70 
4983.108      27.0     4.046     -2.50 
4983.143      25.0     4.723     -3.25 
4983.250      26.0     4.151     -0.11 
4983.327      26.0     3.639     -4.40 
4983.342      26.0     4.603     -2.04 
4983.433      62.1     1.745     -1.17 
4983.443      44.0     1.122     -1.99 
4983.454      42.0     2.596     -1.91 
4983.475      24.0     4.446     -3.26 
4983.578      22.0     3.102     -1.84 
4983.617      24.0     3.426     -2.09 
4983.747   23.0051     2.377    -3.632 
4983.747   23.0051     2.377    -4.043 
4983.756   23.0051     2.377    -3.929 
4983.756   23.0051     2.377    -4.043 
4983.756   23.0051     2.377    -4.248 
4983.763   23.0051     2.377    -3.929 
4983.763   23.0051     2.377    -4.054 
4983.769   23.0051     2.377    -4.054 
4983.769   23.0051     2.377    -4.230 
4983.853      26.0     4.100     -0.05 
4983.906      24.0     4.102     -3.25 
4984.112      28.0     3.793      0.35 
4984.185   23.0051     2.121    -5.370 
4984.187   23.0051     2.121    -5.090 
4984.187   23.0051     2.121    -5.370 
4984.187   23.0051     2.121    -6.391 
4984.192   23.0051     2.121    -4.952 
4984.192   23.0051     2.121    -5.090 
4984.192   23.0051     2.121    -5.692 
4984.199   23.0051     2.121    -4.886 
4984.199   23.0051     2.121    -4.952 
4984.199   23.0051     2.121    -5.245 
4984.208   23.0051     2.121    -4.879 
4984.208   23.0051     2.121    -4.886 
4984.208   23.0051     2.121    -4.914 
4984.219   23.0051     2.121    -4.651 
4984.219   23.0051     2.121    -4.879 
4984.219   23.0051     2.121    -4.944 
4984.233   23.0051     2.121    -4.432 
4984.233   23.0051     2.121    -4.944 
4984.233   23.0051     2.121    -5.148 
4984.249   23.0051     2.121    -4.245 
4984.249   23.0051     2.121    -5.148 
4984.431      24.0     4.096     -3.52 
4984.433      58.1     1.026     -1.02 
4984.494      23.0     2.676     -1.60 
4984.571      58.1     0.976     -1.68 
4984.583      24.0     4.201     -3.89 
4984.605      26.0     4.603     -2.46 
4984.629      26.0     4.604     -3.93 
4984.713      74.0     2.351     -1.39 
4984.728      20.0     4.873     -1.99 
4984.783      23.0     3.071     -2.94 
4984.894      22.1     3.999     -4.30 
4984.895      24.0     3.426     -1.94 
4984.900      64.1     1.133     -1.69 
4984.927      26.0     3.069     -5.53 