# 
4737.347      24.0     3.085     -0.10 
4737.351      22.0     3.389     -3.90 
4737.376      26.0     4.635     -1.79 
4737.396      24.0     5.090     -1.66 
4737.462      26.0     4.792     -3.74 
4737.481      23.0     2.357     -5.13 
4737.481      27.0     1.048     -4.61 
4737.593      26.0     2.988     -3.56 
4737.600      23.1     1.671     -3.42 
4737.635      26.0     3.265     -2.54 
4737.637   21.0045     1.432    -0.764 
4737.639   21.0045     1.432    -0.764 
4737.639   21.0045     1.432    -0.940 
4737.643   21.0045     1.432    -0.600 
4737.643   21.0045     1.432    -1.065 
4737.643   21.0045     1.432    -1.190 
4737.647   21.0045     1.432    -0.592 
4737.647   21.0045     1.432    -0.626 
4737.647   21.0045     1.432    -1.618 
4737.653   21.0045     1.432    -0.343 
4737.653   21.0045     1.432    -0.753 
4737.660   21.0045     1.432    -0.127 
4737.720   27.0059     1.954    -3.297 
4737.733      23.0     1.941     -1.81 
4737.737   27.0059     1.954    -2.886 
4737.753   27.0059     1.954    -3.183 
4737.767   27.0059     1.954    -3.502 
4737.780   27.0059     1.954    -3.308 
4737.784   27.0059     1.954    -3.297 
4737.791   27.0059     1.954    -9.280 
4737.805   27.0059     1.954    -3.183 
4737.809   27.0059     1.954    -3.484 
4737.819   27.0059     1.954    -3.308 
4737.874      20.0     5.923     -2.40 
4737.925      42.0     3.196     -1.98 
4737.944      25.1     6.124     -2.94 
4738.049      76.0     3.106     -0.88 
4738.073   23.0051     2.357    -5.382 
4738.073   23.0051     2.357    -5.637 
4738.073   23.0051     2.357    -5.667 
4738.080   23.0051     2.357    -5.194 
4738.080   23.0051     2.357    -5.249 
4738.080   23.0051     2.357    -5.637 
4738.090   23.0051     2.357    -4.994 
4738.090   23.0051     2.357    -5.103 
4738.090   23.0051     2.357    -5.688 
4738.104   23.0051     2.357    -4.796 
4738.104   23.0051     2.357    -5.081 
4738.104   23.0051     2.357    -5.813 
4738.119      64.0     1.448     -0.08 
4738.122   23.0051     2.357    -4.632 
4738.122   23.0051     2.357    -5.135 
4738.122   23.0051     2.357    -6.035 
4738.130      27.0     3.949     -2.52 
4738.131      22.0     3.437     -2.88 
4738.137      25.0     3.370     -7.46 
4738.143   23.0051     2.357    -4.491 
4738.143   23.0051     2.357    -5.331 
4738.143   23.0051     2.357    -6.445 
4738.161      26.1     3.900     -8.26 
4738.214       6.0     7.940     -2.87 
4738.222      23.1     2.034     -4.36 
4738.275   23.0051     1.948    -3.342 
4738.279   23.0051     1.948    -3.062 
4738.279   23.0051     1.948    -3.342 
4738.279   23.0051     1.948    -4.363 
4738.285   23.0051     1.948    -2.924 
4738.285   23.0051     1.948    -3.062 
4738.285   23.0051     1.948    -3.664 
4738.290      25.1     5.376     -2.24 
4738.295   23.0051     1.948    -2.858 
4738.295   23.0051     1.948    -2.924 
4738.295   23.0051     1.948    -3.217 
4738.309   23.0051     1.948    -2.851 
4738.309   23.0051     1.948    -2.858 
4738.309   23.0051     1.948    -2.886 
4738.325   23.0051     1.948    -2.623 
4738.325   23.0051     1.948    -2.851 
4738.325   23.0051     1.948    -2.916 
4738.345   23.0051     1.948    -2.404 
4738.345   23.0051     1.948    -2.916 
4738.345   23.0051     1.948    -3.120 
4738.369   23.0051     1.948    -2.217 
4738.369   23.0051     1.948    -3.120 
4738.429      23.0     2.581     -2.02 
4738.461       6.0     7.940     -2.36 
4738.527      26.1     5.565     -4.19 
4738.541      27.0     3.729     -2.77 
4738.561      27.0     4.256     -3.80 
4738.577      72.0     1.737     -1.37 
4738.703   23.0051     2.267    -5.650 
4738.707   23.0051     2.267    -5.370 
4738.707   23.0051     2.267    -5.650 
4738.707   23.0051     2.267    -6.671 
4738.714   23.0051     2.267    -5.232 
4738.714   23.0051     2.267    -5.370 
4738.714   23.0051     2.267    -5.972 
4738.726   23.0051     2.267    -5.166 
4738.726   23.0051     2.267    -5.232 
4738.726   23.0051     2.267    -5.525 
4738.741   23.0051     2.267    -5.159 
4738.741   23.0051     2.267    -5.166 
4738.741   23.0051     2.267    -5.194 
4738.761   23.0051     2.267    -4.931 
4738.761   23.0051     2.267    -5.159 
4738.761   23.0051     2.267    -5.224 
4738.770      27.0     3.729     -3.34 
4738.784   23.0051     2.267    -4.712 
4738.784   23.0051     2.267    -5.224 
4738.784   23.0051     2.267    -5.428 
4738.811   23.0051     2.267    -4.525 
4738.811   23.0051     2.267    -5.428 
4738.832      14.0     4.926     -1.85 
4738.905      25.0     3.769     -4.77 
4738.953      26.0     4.442     -2.70 
4738.966      24.0     5.151     -2.97 
4739.017      23.1     6.779     -4.09 
4739.055   23.0051     0.300    -5.417 
4739.055   23.0051     0.300    -5.613 
4739.061   23.0051     0.300    -5.392 
4739.061   23.0051     0.300    -5.403 
4739.061   23.0051     0.300    -5.613 
4739.068   25.0055     2.939    -1.632 
4739.069   25.0055     2.939    -1.155 
4739.071   23.0051     0.300    -5.265 
4739.071   23.0051     0.300    -5.289 
4739.071   23.0051     0.300    -5.392 
4739.083   23.0051     0.300    -5.098 
4739.083   23.0051     0.300    -5.246 
4739.083   23.0051     0.300    -5.289 
4739.087   25.0055     2.939    -1.530 
4739.088   25.0055     2.939    -1.704 
4739.089   25.0055     2.939    -1.632 
4739.098   23.0051     0.300    -4.929 
4739.098   23.0051     0.300    -5.246 
4739.098   23.0051     0.300    -5.257 
4739.101   25.0055     2.939    -1.662 
4739.102   25.0055     2.939    -3.240 
4739.103   25.0055     2.939    -1.530 
4739.111   25.0055     2.939    -2.030 
4739.112   25.0055     2.939    -1.662 
4739.116   23.0051     0.300    -4.770 
4739.116   23.0051     0.300    -5.257 
4739.116   23.0051     0.300    -5.334 
4739.138   23.0051     0.300    -4.622 
4739.138   23.0051     0.300    -5.334 
4739.138   23.0051     0.300    -5.549 
4739.146      27.0     4.392     -2.77 
4739.147      58.1     0.892     -1.08 
4739.162   23.0051     0.300    -4.486 
4739.162   23.0051     0.300    -5.549 
4739.163      27.0     4.146     -3.58 
4739.357      25.0     4.317     -2.97 
4739.430      22.0     3.348     -2.77 
4739.471      27.0     3.710     -2.65 
4739.480      40.0     0.650      0.23 
4739.514      58.1     1.246     -0.53 
4739.519      58.1     0.529     -1.02 
4739.525      26.1     2.640     -6.82 
4739.569   23.0051     2.357    -3.191 
4739.569   23.0051     2.357    -3.446 
4739.575      23.0     2.573     -1.19 
4739.576   23.0051     2.357    -2.992 
4739.576   23.0051     2.357    -3.191 
4739.576   23.0051     2.357    -5.099 
4739.586   23.0051     2.357    -2.928 
4739.586   23.0051     2.357    -2.992 
4739.586   23.0051     2.357    -3.856 
4739.600   23.0051     2.357    -2.928 
4739.600   23.0051     2.357    -2.959 
4739.600   23.0051     2.357    -3.139 
4739.618   23.0051     2.357    -2.733 
4739.618   23.0051     2.357    -2.959 
4739.618   23.0051     2.357    -3.140 
4739.633      26.0     2.482     -4.36 
4739.639   23.0051     2.357    -2.441 
4739.639   23.0051     2.357    -3.140 
4739.829      22.0     3.397     -3.76 
4740.071      20.0     5.045     -2.74 
4740.080      22.0     2.316     -6.41 
4740.094      25.1     6.124     -3.17 
4740.139      73.0     1.236     -1.28 
4740.153      42.0     3.031     -2.01 
4740.165      28.0     3.477     -1.72 
4740.265      13.0     3.140     -2.93 
4740.268   57.1139     0.126    -3.452 
4740.270   57.1139     0.126    -3.034 
4740.272   57.1139     0.126    -2.452 
4740.272   57.1139     0.126    -2.800 
4740.273   57.1139     0.126    -2.270 
4740.273   57.1139     0.126    -2.654 
4740.274   57.1139     0.126    -2.236 
4740.275   57.1139     0.126    -2.295 
4740.275   57.1139     0.126    -2.557 
4740.276      25.0     3.769     -5.14 
4740.276   57.1139     0.126    -2.478 
4740.277   57.1139     0.126    -1.712 
4740.277   57.1139     0.126    -2.779 
4740.278   57.1139     0.126    -1.883 
4740.278   57.1139     0.126    -2.090 
4740.278   57.1139     0.126    -2.361 
4740.310      26.0     4.831     -4.36 
4740.340      26.0     3.015     -2.68 
4740.359      27.0     4.229     -2.65 
4740.362      42.0     3.387     -1.49 
4740.412      13.0     3.140     -3.23 
4740.501      22.1     1.242     -7.17 
4740.516      63.0     1.667     -0.69 
4740.529      90.1     0.764     -1.49 
4740.608      41.0     0.656     -1.68 
4740.732      15.0     7.376     -3.00 
4740.921      19.0     1.609     -3.27 
4740.925      27.1     3.403     -3.66 
4740.943      24.0     5.151     -3.62 
4740.975      27.0     4.237     -4.07 
4741.002      24.0     4.609     -3.10 
4741.002   21.0045     1.438    -1.276 
4741.003   21.0045     1.438    -0.991 
4741.003   21.0045     1.438    -1.246 
4741.007   21.0045     1.438    -0.803 
4741.007   21.0045     1.438    -1.246 
4741.007   21.0045     1.438    -1.297 
4741.013   21.0045     1.438    -0.712 
4741.013   21.0045     1.438    -0.858 
4741.013   21.0045     1.438    -1.422 
4741.020   21.0045     1.438    -0.603 
4741.020   21.0045     1.438    -0.690 
4741.020   21.0045     1.438    -1.644 
4741.030   21.0045     1.438    -0.405 
4741.030   21.0045     1.438    -0.744 
4741.030   21.0045     1.438    -2.054 
4741.041   21.0045     1.438    -0.241 
4741.041   21.0045     1.438    -0.940 
4741.054   21.0045     1.438    -0.100 
4741.070      26.0     3.332     -2.40 
4741.149      24.0     4.201     -0.43 
4741.247      27.1     3.083     -4.11 
4741.294      27.0     4.110     -1.25 
4741.304      90.0     0.788     -1.76 
4741.333      28.0     3.676     -6.02 
4741.401      39.0     2.002     -0.10 
4741.503      74.0     2.965     -0.73 
4741.529      26.0     2.829     -2.00 
4741.618      27.1     5.462     -3.57 
4741.653      58.1     1.026     -1.10 
4741.683   23.0051     2.294    -5.115 
4741.683   23.0051     2.294    -5.311 
4741.684      22.0     3.334     -3.59 
4741.684   23.0051     2.294    -5.090 
4741.684   23.0051     2.294    -5.101 
4741.684   23.0051     2.294    -5.311 
4741.685      20.0     4.529     -2.92 
4741.685   23.0051     2.294    -4.963 
4741.685   23.0051     2.294    -4.987 
4741.685   23.0051     2.294    -5.090 
4741.687   23.0051     2.294    -4.796 
4741.687   23.0051     2.294    -4.944 
4741.687   23.0051     2.294    -4.987 
4741.690   23.0051     2.294    -4.627 
4741.690   23.0051     2.294    -4.944 
4741.690   23.0051     2.294    -4.955 
4741.693   23.0051     2.294    -4.468 
4741.693   23.0051     2.294    -4.955 
4741.693   23.0051     2.294    -5.032 
4741.696   23.0051     2.294    -4.320 
4741.696   23.0051     2.294    -5.032 
4741.696   23.0051     2.294    -5.247 
4741.700   23.0051     2.294    -4.184 
4741.700   23.0051     2.294    -5.247 
4741.730      62.1     0.434     -1.59 
4741.918      38.0     1.774     -0.32 
4741.919      22.0     0.048     -4.64 
4741.919      24.0     3.432     -4.67 
4741.924      23.1     2.368     -5.67 
4741.998      22.0     2.229     -2.35 
4742.011   23.0051     2.136    -5.718 
4742.011   23.0051     2.136    -6.170 
4742.011   23.0051     2.136    -7.170 
4742.022   23.0051     2.136    -5.600 
4742.022   23.0051     2.136    -5.959 
4742.022   23.0051     2.136    -6.963 
4742.036   23.0051     2.136    -5.482 
4742.036   23.0051     2.136    -5.863 
4742.036   23.0051     2.136    -6.935 
4742.053   23.0051     2.136    -5.370 
4742.053   23.0051     2.136    -5.827 
4742.053   23.0051     2.136    -7.015 
4742.074   23.0051     2.136    -5.266 
4742.074   23.0051     2.136    -5.843 
4742.074   23.0051     2.136    -7.207 
4742.095      23.0     2.606     -5.80 
4742.098   23.0051     2.136    -5.170 
4742.098   23.0051     2.136    -5.925 
4742.098   23.0051     2.136    -7.596 
4742.106      22.0     2.152     -0.94 
4742.118      24.0     4.416     -3.97 
4742.126   23.0051     2.136    -5.080 
4742.126   23.0051     2.136    -6.143 
4742.157   23.0051     2.136    -4.996 
4742.162      24.1     4.140     -3.12 
4742.200      22.0     2.479     -2.15 
4742.227      58.1     0.721     -1.74 
4742.228      25.1     6.128     -2.80 
4742.228      27.0     4.018     -1.51 
4742.265      90.1     1.322     -1.80 
4742.288      23.1     1.674     -8.75 
4742.302      22.0     1.459     -2.72 
4742.541      27.0     2.784     -2.62 
4742.552      26.0     4.368     -2.72 
4742.561       6.0     7.940     -2.72 
4742.624      20.0     6.017     -2.60 
4742.624      23.0     2.330     -7.41 
4742.630      21.0     5.007     -3.75 
4742.643      24.0     5.128     -3.54 
4742.678      22.0     0.825     -4.97 
4742.752      23.0     2.682     -7.39 
4742.789      22.0     2.235      0.21 
4742.932      26.0     4.188     -2.37 
4742.934      40.0     1.529     -1.06 
4742.954      25.1     5.376     -2.98 
4743.009      28.0     4.161     -2.93 
4743.020      66.1     0.590     -2.32 
4743.024      44.0     2.790     -0.57 
4743.071      57.1     1.781     -0.17 
4743.115   23.0051     1.944    -5.286 
4743.115   23.0051     1.944    -5.541 
4743.120   23.0051     1.944    -5.087 
4743.120   23.0051     1.944    -5.286 
4743.120   23.0051     1.944    -7.194 
4743.127   23.0051     1.944    -5.023 
4743.127   23.0051     1.944    -5.087 
4743.127   23.0051     1.944    -5.951 
4743.130      24.0     4.200     -0.87 
4743.136   23.0051     1.944    -5.023 
4743.136   23.0051     1.944    -5.054 
4743.136   23.0051     1.944    -5.234 
4743.147   23.0051     1.944    -4.828 
4743.147   23.0051     1.944    -5.054 
4743.147   23.0051     1.944    -5.235 
4743.161   23.0051     1.944    -4.536 
4743.161   23.0051     1.944    -5.235 
4743.275      26.1     2.674     -5.86 
4743.287      26.0     2.756     -4.75 