# 
4762.840      58.1     0.792     -2.10 
4762.952      39.0     2.002     -1.24 
4763.125      76.0     4.784      0.13 
4763.137      20.0     5.979     -6.07 
4763.223      26.0     3.045     -5.57 
4763.259      20.0     5.979     -7.30 
4763.264      21.0     4.524     -2.00 
4763.300      60.1     0.975     -1.46 
4763.313      26.0     4.175     -3.63 
4763.457      28.0     2.738     -6.53 
4763.459      27.0     0.629     -8.30 
4763.504      24.0     3.373     -3.17 
4763.620      60.1     0.380     -1.27 
4763.707      20.0     5.041     -2.77 
4763.735      58.1     0.909     -2.23 
4763.791      26.1     3.219     -6.81 
4763.811      23.0     2.965     -3.80 
4763.832      64.0     1.348      0.12 
4763.856      27.0     3.949     -1.93 
4763.860      60.1     0.182     -1.08 
4763.883      22.1     1.220     -2.40 
4763.912      58.1     1.026     -0.84 
4763.942      28.0     3.652     -0.84 
4764.020      27.0     4.110     -2.70 
4764.108      42.0     3.614     -0.29 
4764.126      23.0     2.676     -9.00 
4764.174      24.0     3.844     -3.78 
4764.232      26.0     4.151     -3.04 
4764.293      24.0     3.548     -0.28 
4764.415      42.0     2.289     -1.33 
4764.415      44.0     3.408     -0.22 
4764.480      27.0     4.146     -4.20 
4764.525      22.1     1.236     -2.69 
4764.535   23.0051     2.262    -5.045 
4764.535   23.0051     2.262    -5.300 
4764.537   23.0051     2.262    -4.846 
4764.537   23.0051     2.262    -5.045 
4764.537   23.0051     2.262    -6.953 
4764.539   23.0051     2.262    -4.782 
4764.539   23.0051     2.262    -4.846 
4764.539   23.0051     2.262    -5.710 
4764.542   23.0051     2.262    -4.782 
4764.542   23.0051     2.262    -4.813 
4764.542   23.0051     2.262    -4.993 
4764.546   23.0051     2.262    -4.587 
4764.546   23.0051     2.262    -4.813 
4764.546   23.0051     2.262    -4.994 
4764.551   23.0051     2.262    -4.295 
4764.551   23.0051     2.262    -4.994 
4764.643      24.0     3.011     -1.65 
4764.720      58.0     0.274     -0.86 
4764.728      25.1     5.394     -1.35 
4764.907      25.1     6.806     -4.80 
4765.062      25.1     6.135     -3.66 
4765.110      24.1     5.658     -2.72 
4765.230      59.1     0.371     -1.11 
4765.281      24.0     4.532     -3.14 
4765.357   23.0051     2.136    -4.657 
4765.357   23.0051     2.136    -5.227 
4765.367   23.0051     2.136    -4.631 
4765.367   23.0051     2.136    -5.006 
4765.367   23.0051     2.136    -5.227 
4765.381   23.0051     2.136    -4.550 
4765.381   23.0051     2.136    -4.909 
4765.381   23.0051     2.136    -5.006 
4765.399   23.0051     2.136    -4.445 
4765.399   23.0051     2.136    -4.874 
4765.399   23.0051     2.136    -4.909 
4765.420   23.0051     2.136    -4.332 
4765.420   23.0051     2.136    -4.874 
4765.420   23.0051     2.136    -4.892 
4765.445   23.0051     2.136    -4.218 
4765.445   23.0051     2.136    -4.892 
4765.445   23.0051     2.136    -4.976 
4765.452      26.0     3.299     -5.66 
4765.457      26.0     4.073     -2.48 
4765.473   23.0051     2.136    -4.107 
4765.473   23.0051     2.136    -4.976 
4765.473   23.0051     2.136    -5.197 
4765.480      26.0     1.607     -4.01 
4765.504   23.0051     2.136    -4.000 
4765.504   23.0051     2.136    -5.197 
4765.637      23.0     2.357     -3.61 
4765.662      23.0     2.614     -0.84 
4765.689      27.0     4.144     -1.41 
4765.834   25.0055     2.939    -0.601 
4765.835   23.0051     1.948    -4.806 
4765.839   23.0051     1.948    -4.521 
4765.839   23.0051     1.948    -4.776 
4765.843   25.0055     2.939    -0.813 
4765.845   25.0055     2.939    -1.290 
4765.846   23.0051     1.948    -4.333 
4765.846   23.0051     1.948    -4.776 
4765.846   23.0051     1.948    -4.827 
4765.851   25.0055     2.939    -1.086 
4765.852   25.0055     2.939    -1.144 
4765.854   25.0055     2.939    -2.245 
4765.856   23.0051     1.948    -4.242 
4765.856   23.0051     1.948    -4.388 
4765.856   23.0051     1.948    -4.952 
4765.856   25.0055     2.939    -1.496 
4765.857   25.0055     2.939    -1.165 
4765.858   25.0055     2.939    -1.864 
4765.861   25.0055     2.939    -1.320 
4765.862   25.0055     2.939    -1.688 
4765.863   25.0055     2.939    -1.642 
4765.869   23.0051     1.948    -4.133 
4765.869   23.0051     1.948    -4.220 
4765.869   23.0051     1.948    -5.174 
4765.886   23.0051     1.948    -3.935 
4765.886   23.0051     1.948    -4.274 
4765.886   23.0051     1.948    -5.584 
4765.906   23.0051     1.948    -3.771 
4765.906   23.0051     1.948    -4.470 
4765.930   23.0051     1.948    -3.630 
4765.961      24.0     3.963     -3.12 
4765.966      26.0     4.470     -3.86 
4766.002      25.0     4.422     -1.73 
4766.058   23.0051     0.262    -6.537 
4766.058   23.0051     0.262    -6.558 
4766.058   23.0051     0.262    -6.683 
4766.080   23.0051     0.262    -6.216 
4766.080   23.0051     0.262    -6.537 
4766.080   23.0051     0.262    -7.014 
4766.116      27.0     2.875     -5.48 
4766.235   23.0051     2.357    -5.222 
4766.235   23.0051     2.357    -5.477 
4766.235   23.0051     2.357    -5.507 
4766.242   23.0051     2.357    -5.034 
4766.242   23.0051     2.357    -5.089 
4766.242   23.0051     2.357    -5.477 
4766.253   23.0051     2.357    -4.834 
4766.253   23.0051     2.357    -4.943 
4766.253   23.0051     2.357    -5.528 
4766.267   23.0051     2.357    -4.636 
4766.267   23.0051     2.357    -4.921 
4766.267   23.0051     2.357    -5.653 
4766.285   23.0051     2.357    -4.472 
4766.285   23.0051     2.357    -4.975 
4766.285   23.0051     2.357    -5.875 
4766.306   23.0051     2.357    -4.331 
4766.306   23.0051     2.357    -5.171 
4766.306   23.0051     2.357    -6.285 
4766.316      23.0     3.077     -1.70 
4766.318      22.0     2.248     -0.84 
4766.323      24.0     3.844     -3.85 
4766.358      26.0     4.603     -2.61 
4766.400   25.0055     2.918    -0.462 
4766.408   25.0055     2.918    -1.380 
4766.413   25.0055     2.918    -0.602 
4766.415   25.0055     2.918    -2.598 
4766.419   25.0055     2.918    -1.204 
4766.424   25.0055     2.918    -0.760 
4766.425   25.0055     2.918    -2.246 
4766.429   25.0055     2.918    -1.178 
4766.432   25.0055     2.918    -0.944 
4766.433   25.0055     2.918    -2.120 
4766.436   25.0055     2.918    -1.245 
4766.438   25.0055     2.918    -1.166 
4766.438   25.0055     2.918    -2.200 
4766.440   25.0055     2.918    -1.421 
4766.442   25.0055     2.918    -1.451 
4766.514      72.0     1.737     -1.01 
4766.521   23.0051     2.357    -4.273 
4766.521   23.0051     2.357    -4.528 
4766.528   23.0051     2.357    -4.074 
4766.528   23.0051     2.357    -4.273 
4766.528   23.0051     2.357    -6.181 
4766.539   23.0051     2.357    -4.010 
4766.539   23.0051     2.357    -4.074 
4766.539   23.0051     2.357    -4.938 
4766.553   23.0051     2.357    -4.010 
4766.553   23.0051     2.357    -4.041 
4766.553   23.0051     2.357    -4.221 
4766.570      22.0     3.421     -3.94 
4766.571   23.0051     2.357    -3.815 
4766.571   23.0051     2.357    -4.041 
4766.571   23.0051     2.357    -4.222 
4766.593   23.0051     2.357    -3.523 
4766.593   23.0051     2.357    -4.222 
4766.601      90.0     0.479     -2.08 
4766.606      26.0     2.431     -6.05 
4766.623      23.0     2.038     -0.12 
4766.634      24.0     3.553     -0.92 
4766.645      24.0     4.413     -3.93 
4766.664      25.0     5.195     -0.56 
4766.672       6.0     7.477     -2.31 
4766.672      26.0     3.412     -4.79 
4766.694      24.0     3.008     -3.33 
4766.751      26.0     4.831     -3.41 
4766.753      26.0     4.151     -2.42 
4766.786      41.0     2.144     -0.49 
4766.787      26.0     4.590     -1.66 
4766.845      23.0     3.064     -3.64 
4766.866      26.0     3.414     -2.31 
4766.873      22.1     5.643     -2.19 
4766.880      57.0     0.000     -1.11 
4766.920      26.0     3.249     -6.04 
4766.994      24.0     4.096     -3.37 
4767.141      27.0     4.055     -0.82 
4767.248      64.0     0.927      0.26 
4767.250      22.1     1.115     -6.82 
4767.253      26.0     4.100     -3.89 
4767.267      24.0     3.553     -1.02 
4767.416      29.0     5.720     -0.81 
4767.430      23.0     2.636     -2.81 
4767.473      24.0     3.446     -2.87 
4767.516      27.0     4.237     -3.22 
4767.536      26.0     4.604     -3.15 
4767.544      22.0     3.177     -2.38 
4767.550      23.0     2.576     -1.80 
4767.598      27.0     4.055     -2.36 
4767.660      60.1     0.559     -1.62 
4767.677      22.0     3.348     -4.05 
4767.814      25.0     4.662     -1.25 
4767.856      24.0     3.553     -0.53 
4767.934      20.0     6.030     -3.46 
4767.987      20.0     6.030     -3.15 
4768.089      27.0     3.189     -0.67 
4768.262      74.1     3.123     -0.66 
4768.320      26.0     3.684     -1.41 
4768.397      26.0     2.940     -2.27 
4768.407      25.1     5.393     -4.21 
4768.444      22.0     1.732     -4.04 
4768.578      24.0     4.102     -0.86 
4768.664      92.0     0.077     -1.65 
4768.698      24.0     5.107     -3.17 
4768.699      26.0     4.073     -2.61 
4768.699   23.0051     2.377    -3.812 
4768.699   23.0051     2.377    -4.438 
4768.699   23.0051     2.377    -5.303 
4768.707   23.0051     2.377    -4.028 
4768.707   23.0051     2.377    -4.277 
4768.707   23.0051     2.377    -4.875 
4768.714   23.0051     2.377    -4.285 
4768.714   23.0051     2.377    -4.311 
4768.714   23.0051     2.377    -4.625 
4768.719   23.0051     2.377    -4.449 
4768.719   23.0051     2.377    -4.449 
4768.719   23.0051     2.377    -4.750 
4768.742      20.0     6.031     -3.62 
4768.781      24.0     4.385     -3.56 
4768.791      58.1     0.869     -0.80 