# 
4786.456      42.0     1.334     -2.37 
4786.491      19.0     1.609     -3.09 
4786.493      20.0     4.551     -4.30 
4786.500      23.0     2.073      0.07 
4786.535      28.0     3.417     -0.18 
4786.573      58.0     0.206     -0.73 
4786.578      39.1     1.032     -1.29 
4786.613      70.1     3.919      0.06 
4786.627      25.0     3.769     -2.68 
4786.654   23.0051     2.294    -6.523 
4786.654   23.0051     2.294    -6.590 
4786.654   23.0051     2.294    -7.222 
4786.655   23.0051     2.294    -6.327 
4786.655   23.0051     2.294    -6.327 
4786.655   23.0051     2.294    -7.067 
4786.656   23.0051     2.294    -6.123 
4786.656   23.0051     2.294    -6.222 
4786.656   23.0051     2.294    -7.067 
4786.657      73.0     1.202     -2.21 
4786.658   23.0051     2.294    -5.953 
4786.658   23.0051     2.294    -6.175 
4786.658   23.0051     2.294    -7.164 
4786.661   23.0051     2.294    -5.807 
4786.661   23.0051     2.294    -6.181 
4786.661   23.0051     2.294    -7.368 
4786.664   23.0051     2.294    -5.678 
4786.664   23.0051     2.294    -6.254 
4786.664   23.0051     2.294    -7.766 
4786.667   23.0051     2.294    -5.562 
4786.667   23.0051     2.294    -6.465 
4786.671   23.0051     2.294    -5.457 
4786.689      27.0     4.146     -3.04 
4786.757      64.0     1.530      0.22 
4786.807      26.0     3.015     -1.59 
4786.850      22.0     2.736     -1.82 
4786.861      25.0     5.228     -0.71 
4786.876      39.0     1.917      0.12 
4786.910      64.1     1.133     -1.08 
4786.920      66.1     0.000     -2.39 
4786.989   23.0051     2.364    -3.496 
4786.990   23.0051     2.364    -3.211 
4786.990   23.0051     2.364    -3.466 
4786.991   23.0051     2.364    -3.023 
4786.991   23.0051     2.364    -3.466 
4786.991   23.0051     2.364    -3.517 
4786.993   23.0051     2.364    -2.932 
4786.993   23.0051     2.364    -3.078 
4786.993   23.0051     2.364    -3.642 
4786.996   23.0051     2.364    -2.823 
4786.996   23.0051     2.364    -2.910 
4786.996   23.0051     2.364    -3.864 
4787.000   23.0051     2.364    -2.625 
4787.000   23.0051     2.364    -2.964 
4787.000   23.0051     2.364    -4.274 
4787.004   23.0051     2.364    -2.461 
4787.004   23.0051     2.364    -3.160 
4787.009   23.0051     2.364    -2.320 
4787.165      58.1     0.879     -1.33 
4787.198      27.0     4.069     -4.17 
4787.278      20.0     6.041     -3.65 
4787.301      25.0     4.824     -1.98 
4787.302      24.0     3.548     -2.86 
4787.410      60.0     0.140     -0.96 
4787.447      20.0     6.041     -2.73 
4787.461   23.0051     2.136    -8.424 
4787.461   23.0051     2.136    -8.876 
4787.461   23.0051     2.136    -9.876 
4787.471   23.0051     2.136    -8.306 
4787.471   23.0051     2.136    -8.665 
4787.471   23.0051     2.136    -9.669 
4787.486   23.0051     2.136    -8.188 
4787.486   23.0051     2.136    -8.569 
4787.486   23.0051     2.136    -9.641 
4787.495      26.0     3.015     -4.19 
4787.503   23.0051     2.136    -8.076 
4787.503   23.0051     2.136    -8.533 
4787.503   23.0051     2.136    -9.721 
4787.521      20.0     6.041     -2.32 
4787.525   23.0051     2.136    -7.972 
4787.525   23.0051     2.136    -8.549 
4787.525   23.0051     2.136    -9.913 
4787.549   23.0051     2.136    -7.876 
4787.549   23.0051     2.136    -8.631 
4787.549   23.0051     2.136   -10.302 
4787.550      24.0     4.385     -4.38 
4787.578   23.0051     2.136    -7.786 
4787.578   23.0051     2.136    -8.849 
4787.586      26.0     3.249     -3.91 
4787.608      20.0     5.951     -4.90 
4787.610   23.0051     2.136    -7.702 
4787.625      42.0     2.494     -1.98 
4787.635      22.0     0.818     -3.28 
4787.740      24.0     3.119     -2.47 
4787.827      26.0     2.996     -2.62 
4787.895      23.1     2.274     -4.29 
4787.924      74.0     1.654     -1.93 
4787.953      24.0     5.176     -3.74 
4787.986      20.0     5.951     -4.25 
4788.025      25.0     3.769     -3.75 
4788.029      20.0     4.551     -4.56 
4788.163      24.0     5.076     -3.44 
4788.174      42.0     2.289     -1.86 
4788.216      46.0     4.221      0.04 
4788.219      26.0     4.442     -3.17 
4788.230      58.1     1.041     -1.45 
4788.263      24.0     3.108     -9.33 
4788.282      59.0     0.000     -0.97 
4788.328      15.0     7.398     -2.50 
4788.333      15.0     7.398     -2.50 
4788.404      25.0     4.422     -1.88 
4788.425      58.0     0.493     -0.25 
4788.427      74.0     2.036     -1.65 
4788.438      25.1     6.128     -4.84 
4788.658      20.0     5.045     -5.09 
4788.684      40.0     0.730     -1.19 
4788.718      27.0     2.716     -5.92 
4788.719      42.0     2.593     -2.37 
4788.757      26.0     3.234     -1.81 
4788.779      26.0     4.140     -3.44 
4788.841      24.0     4.204     -0.71 
4788.862      27.0     4.143     -2.53 
4788.873      22.0     2.736     -3.58 
4788.901      25.0     4.426     -4.23 
4789.138      40.0     0.622     -1.90 
4789.324      21.1     6.903     -3.86 
4789.338      42.0     2.521     -1.99 
4789.340      24.0     2.542     -0.33 
4789.381      25.1     6.795     -5.12 
4789.387      90.0     0.457     -1.61 
4789.391      26.0     4.635     -1.87 
4789.425      28.0     3.696     -2.33 
4789.428      60.1     0.320     -1.03 
4789.514      23.1     6.524     -1.87 
4789.534      24.0     4.141     -1.41 
4789.567      21.1     4.832     -1.38 
4789.576      26.0     4.470     -0.96 
4789.651      26.0     3.544     -0.84 
4789.682      58.1     0.740     -1.49 
4789.709      26.0     4.151     -4.16 
4789.711      23.0     2.038     -6.02 
4789.776      25.0     4.422     -3.00 
4789.786      22.0     0.835     -2.75 
4789.884      20.0     5.014     -3.50 
4789.893      41.1     2.439     -0.14 
4789.922      69.1     3.503      0.08 
4789.925      26.0     4.590     -3.18 
4789.929      65.1     0.790     -1.06 
4789.975      23.1     6.052     -4.56 
4789.978      62.0     0.387     -0.32 
4790.061      92.0     0.947     -0.69 
4790.116      26.0     4.442     -3.53 
4790.228      23.0     3.076     -1.25 
4790.258      24.1     6.636     -4.32 
4790.271      24.0     2.543     -3.22 
4790.278   23.0051     1.217    -7.658 
4790.278   23.0051     1.217    -7.913 
4790.278   23.0051     1.217    -7.943 
4790.279   23.0051     1.217    -7.470 
4790.279   23.0051     1.217    -7.525 
4790.279   23.0051     1.217    -7.913 
4790.282   23.0051     1.217    -7.270 
4790.282   23.0051     1.217    -7.379 
4790.282   23.0051     1.217    -7.964 
4790.286   23.0051     1.217    -7.072 
4790.286   23.0051     1.217    -7.357 
4790.286   23.0051     1.217    -8.089 
4790.290   23.0051     1.217    -6.908 
4790.290   23.0051     1.217    -7.411 
4790.290   23.0051     1.217    -8.311 
4790.293      15.0     7.207     -3.00 
4790.295   23.0051     1.217    -6.767 
4790.295   23.0051     1.217    -7.607 
4790.295   23.0051     1.217    -8.721 
4790.333      24.0     2.543     -1.48 
4790.448   23.0051     2.276    -7.127 
4790.449   23.0051     2.276    -6.842 
4790.449   23.0051     2.276    -7.097 
4790.450   23.0051     2.276    -6.654 
4790.450   23.0051     2.276    -7.097 
4790.450   23.0051     2.276    -7.148 
4790.452   23.0051     2.276    -6.563 
4790.452   23.0051     2.276    -6.709 
4790.452   23.0051     2.276    -7.273 
4790.454   23.0051     2.276    -6.454 
4790.454   23.0051     2.276    -6.541 
4790.454   23.0051     2.276    -7.495 
4790.457   23.0051     2.276    -6.256 
4790.457   23.0051     2.276    -6.595 
4790.457   23.0051     2.276    -7.905 
4790.460   23.0051     2.276    -6.092 
4790.460   23.0051     2.276    -6.791 
4790.464   23.0051     2.276    -5.951 
4790.469      23.1     2.370     -2.77 
4790.560      26.0     4.151     -2.64 
4790.609   23.0051     2.262    -6.041 
4790.611   23.0051     2.262    -6.041 
4790.611   23.0051     2.262    -6.217 
4790.613   23.0051     2.262    -5.877 
4790.613   23.0051     2.262    -6.342 
4790.613   23.0051     2.262    -6.467 
4790.616   23.0051     2.262    -5.869 
4790.616   23.0051     2.262    -5.903 
4790.616   23.0051     2.262    -6.895 
4790.620   23.0051     2.262    -5.620 
4790.620   23.0051     2.262    -6.030 
4790.625   23.0051     2.262    -5.404 
4790.662      23.0     2.053     -6.13 
4790.666   23.0051     0.275    -6.697 
4790.669   23.0051     3.069    -5.183 
4790.669   23.0051     3.069    -5.504 
4790.669   23.0051     3.069    -5.981 
4790.672   23.0051     0.275    -6.697 
4790.672   23.0051     0.275    -6.873 
4790.680   23.0051     0.275    -6.533 
4790.680   23.0051     0.275    -6.998 
4790.680   23.0051     0.275    -7.123 
4790.692   23.0051     0.275    -6.525 
4790.692   23.0051     0.275    -6.559 
4790.692   23.0051     0.275    -7.551 
4790.694   23.0051     3.069    -5.504 
4790.694   23.0051     3.069    -5.525 
4790.694   23.0051     3.069    -5.650 
4790.706   23.0051     0.275    -6.276 
4790.706   23.0051     0.275    -6.686 
4790.708      72.1     2.194     -1.11 
4790.723   23.0051     0.275    -6.060 
4790.725      26.0     4.412     -3.12 
4790.746      26.0     3.249     -3.24 
4790.808      24.0     5.077     -0.99 
4790.883      26.0     2.402     -6.34 
4790.961      26.0     3.632     -3.92 
4790.963      24.0     4.096     -1.49 
4790.965      28.0     1.949     -3.59 
4790.973      22.0     3.407     -0.51 
4791.049      19.0     1.609     -2.75 
4791.150      64.1     1.133     -1.56 
4791.155      23.0     2.027     -6.18 
4791.217      23.0     2.576     -2.78 
4791.229      28.1     4.026     -3.84 
4791.231      28.0     3.703     -4.50 
4791.247      26.0     3.271     -2.51 
4791.295      66.0     0.512     -0.94 
4791.415      75.0     1.866     -1.83 
4791.479      22.0     2.266     -1.59 
4791.495      22.1     5.881     -4.45 
4791.502   21.0045     0.021    -3.726 
4791.502   21.0045     0.021    -3.981 
4791.503   21.0045     0.021    -3.527 
4791.503   21.0045     0.021    -3.726 
4791.503   21.0045     0.021    -5.634 
4791.506   21.0045     0.021    -3.463 
4791.506   21.0045     0.021    -3.527 
4791.506   21.0045     0.021    -4.391 
4791.509   21.0045     0.021    -3.463 
4791.509   21.0045     0.021    -3.494 
4791.509   21.0045     0.021    -3.674 
4791.514   21.0045     0.021    -3.268 
4791.514   21.0045     0.021    -3.494 
4791.514   21.0045     0.021    -3.675 
4791.518   21.0045     0.021    -2.976 
4791.518   21.0045     0.021    -3.675 
4791.580      62.1     0.104     -1.44 
4791.603      23.1     2.024     -4.31 
4791.604      26.0     4.442     -3.56 
4791.720      25.1     5.811     -4.37 
4791.733       6.0     7.940     -3.58 
4791.762      22.0     2.101     -5.03 
4791.782      25.1     6.180     -1.72 
4791.810      25.0     4.675     -2.02 
4791.932      26.0     4.214     -4.16 
4792.177      25.0     4.675     -1.59 
4792.213      14.0     4.926     -2.35 
4792.217      24.0     3.419     -4.67 
4792.249      22.0     0.812     -3.32 