# 
6010.563      20.0     5.574     -3.41 
6010.628      25.0     4.657     -2.84 
6010.636      28.0     4.415     -2.33 
6010.675       6.0     8.634     -2.02 
6010.675      24.1     6.600     -2.92 
6010.776      25.0     5.692     -3.24 
6010.820      66.0     0.512     -0.82 
6010.863      92.0     1.282     -0.91 
6011.131   23.0051     1.847    -5.578 
6011.132   23.0051     1.847    -5.298 
6011.132   23.0051     1.847    -5.578 
6011.132   23.0051     1.847    -6.599 
6011.133   23.0051     1.847    -5.160 
6011.133   23.0051     1.847    -5.298 
6011.133   23.0051     1.847    -5.900 
6011.134   23.0051     1.847    -5.094 
6011.134   23.0051     1.847    -5.160 
6011.134   23.0051     1.847    -5.453 
6011.135   23.0051     1.847    -5.087 
6011.135   23.0051     1.847    -5.094 
6011.135   23.0051     1.847    -5.122 
6011.137   23.0051     1.847    -4.859 
6011.137   23.0051     1.847    -5.087 
6011.137   23.0051     1.847    -5.152 
6011.140   23.0051     1.847    -4.640 
6011.140   23.0051     1.847    -5.152 
6011.140   23.0051     1.847    -5.356 
6011.143   23.0051     1.847    -4.453 
6011.143   23.0051     1.847    -5.356 
6011.282      62.1     1.462     -1.69 
6011.326      42.0     3.273     -1.01 
6011.344      21.0     4.272     -2.22 
6011.398      27.0     3.629     -1.99 
6011.407      24.0     3.011     -3.05 
6011.694      22.0     3.145     -2.73 
6011.789      24.0     3.008     -2.92 
6012.173      42.0     2.596     -2.03 
6012.179      63.0     1.930     -0.32 
6012.210      26.0     2.221     -4.20 
6012.230       6.0     8.634     -2.30 
6012.437      26.0     4.792     -3.27 
6012.451      20.0     5.581     -3.34 
6012.530      63.0     1.889     -0.11 
6012.562      23.0     2.581     -4.72 
6012.602      24.0     3.842     -3.16 
6012.736      22.0     2.425     -1.71 
6012.756      26.0     4.555     -1.96 
6012.773      14.0     5.949     -2.93 
6012.808      74.0     2.434     -1.08 
6012.938      20.0     5.581     -3.04 
6013.020      42.0     3.396     -0.95 
6013.166       6.0     8.641     -1.37 
6013.213       6.0     8.641     -1.47 
6013.293      23.0     4.126     -4.51 
6013.303      24.0     5.603     -3.94 
6013.338      26.0     5.006     -3.84 
6013.416      22.0     1.066     -2.72 
6013.420      58.0     0.302     -0.53 
6013.478   25.0055     3.070    -0.869 
6013.499   25.0055     3.070    -1.081 
6013.518   25.0055     3.070    -1.354 
6013.527   25.0055     3.070    -1.558 
6013.533   25.0055     3.070    -1.764 
6013.538   25.0055     3.070    -1.412 
6013.547   25.0055     3.070    -1.433 
6013.553   25.0055     3.070    -1.588 
6013.562   25.0055     3.070    -1.910 
6013.566   25.0055     3.070    -1.956 
6013.566   25.0055     3.070    -2.513 
6013.567   25.0055     3.070    -2.132 
6013.568      58.1     1.644     -1.13 
6013.591      26.0     5.029     -2.94 
6013.640      27.0     4.471     -2.87 
6013.734      23.1     6.517     -4.63 
6013.915      26.0     5.096     -3.20 
6014.053      92.0     1.839     -0.36 
6014.281      24.0     3.842     -4.01 
6014.374      25.0     4.329     -1.32 
6014.429      27.0     3.809     -3.04 
6014.597   21.0045     3.630    -3.881 
6014.597   21.0045     3.630    -4.333 
6014.597   21.0045     3.630    -5.333 
6014.599   21.0045     3.630    -3.763 
6014.599   21.0045     3.630    -4.122 
6014.599   21.0045     3.630    -5.126 
6014.601   21.0045     3.630    -3.645 
6014.601   21.0045     3.630    -4.026 
6014.601   21.0045     3.630    -5.098 
6014.604   21.0045     3.630    -3.533 
6014.604   21.0045     3.630    -3.990 
6014.604   21.0045     3.630    -5.178 
6014.607   21.0045     3.630    -3.429 
6014.607   21.0045     3.630    -4.006 
6014.607   21.0045     3.630    -5.370 
6014.611   21.0045     3.630    -3.333 
6014.611   21.0045     3.630    -4.088 
6014.611   21.0045     3.630    -5.759 
6014.615   21.0045     3.630    -3.243 
6014.615   21.0045     3.630    -4.306 
6014.620   21.0045     3.630    -3.159 
6014.764      22.0     2.331     -2.12 
6014.783      24.0     3.889     -2.51 
6014.826      68.0     1.308     -0.48 
6014.830       6.0     8.636     -1.71 
6014.846      26.0     5.316     -3.90 
6015.055      23.0     2.503     -8.42 
6015.173      26.0     5.315     -4.11 
6015.222      24.0     3.009     -2.97 
6015.244      26.0     2.221     -4.68 
6015.294   21.0045     3.605    -3.339 
6015.296   21.0045     3.605    -3.054 
6015.296   21.0045     3.605    -3.309 
6015.300   21.0045     3.605    -2.866 
6015.300   21.0045     3.605    -3.309 
6015.300   21.0045     3.605    -3.360 
6015.305   21.0045     3.605    -2.775 
6015.305   21.0045     3.605    -2.921 
6015.305   21.0045     3.605    -3.485 
6015.312   21.0045     3.605    -2.666 
6015.312   21.0045     3.605    -2.753 
6015.312   21.0045     3.605    -3.707 
6015.321   21.0045     3.605    -2.468 
6015.321   21.0045     3.605    -2.807 
6015.321   21.0045     3.605    -4.117 
6015.332   21.0045     3.605    -2.304 
6015.332   21.0045     3.605    -3.003 
6015.344   21.0045     3.605    -2.163 
6015.384      27.0     4.392     -1.35 
6015.422      90.1     1.896     -1.41 
6015.442      24.0     3.885     -3.40 
6015.558      63.0     2.411      0.16 
6015.722      26.1     7.880     -2.20 
6015.733      68.1     2.703     -0.15 
6015.753      24.0     3.548     -4.18 
6015.779      76.0     2.639     -1.64 
6015.891      73.0     2.154     -1.60 
6015.923      20.0     6.049     -1.09 
6015.931      23.0     1.871     -5.39 
6016.057      23.0     2.676     -0.67 
6016.121      23.0     2.676     -0.58 
6016.449       6.0     8.636     -1.82 