# 
4826.274      27.0     2.875     -3.02 
4826.288      22.0     3.421     -2.15 
4826.288      59.1     0.795     -1.62 
4826.322      59.1     0.795     -0.88 
4826.492   25.0055     3.133   -10.488 
4826.492   25.0055     3.133   -10.743 
4826.499   25.0055     3.133   -10.424 
4826.499   25.0055     3.133   -10.545 
4826.499   25.0055     3.133   -10.743 
4826.509   25.0055     3.133   -10.249 
4826.509   25.0055     3.133   -10.480 
4826.509   25.0055     3.133   -10.545 
4826.523   25.0055     3.133   -10.057 
4826.523   25.0055     3.133   -10.480 
4826.523   25.0055     3.133   -10.511 
4826.539   25.0055     3.133    -9.872 
4826.539   25.0055     3.133   -10.511 
4826.539   25.0055     3.133   -10.693 
4826.560   25.0055     3.133    -9.701 
4826.560   25.0055     3.133   -10.693 
4826.565      23.0     2.893     -2.71 
4826.566      26.0     4.073     -2.65 
4826.570      62.1     1.515     -1.43 
4826.620      26.0     4.792     -2.04 
4826.665      76.0     1.746     -2.26 
4826.703      59.1     0.422     -1.36 
4826.756      90.0     1.622     -0.47 
4826.786      23.0     2.073     -4.98 
4826.796       6.0     7.482     -2.98 
4826.810      22.0     3.438     -2.32 
4826.857      24.0     4.172     -1.21 
4826.863   25.0055     3.850    -1.844 
4826.873      57.1     0.173     -2.26 
4826.888   25.0055     3.850    -2.208 
4826.888   25.0055     3.850    -2.305 
4826.907   25.0055     3.850    -2.208 
4826.907   25.0055     3.850    -2.752 
4826.920   25.0055     3.850    -2.321 
4826.982      69.1     3.481      0.05 
4827.145      24.1     7.381     -2.72 
4827.178      23.0     1.798     -6.42 
4827.258      22.0     3.407     -3.45 
4827.382      20.0     6.013     -4.02 
4827.405   23.0051     0.040    -3.054 
4827.419   23.0051     0.040    -2.151 
4827.427   23.0051     0.040    -2.850 
4827.438   23.0051     0.040    -2.338 
4827.445   23.0051     0.040    -2.786 
4827.452   23.0051     0.040    -3.054 
4827.455   23.0051     0.040    -2.557 
4827.461   23.0051     0.040    -2.792 
4827.467   23.0051     0.040    -2.850 
4827.469   23.0051     0.040    -2.820 
4827.474   23.0051     0.040    -2.858 
4827.479   23.0051     0.040    -2.786 
4827.480   23.0051     0.040    -3.151 
4827.484   23.0051     0.040    -2.996 
4827.488   23.0051     0.040    -2.792 
4827.488   23.0051     0.040    -3.598 
4827.492   23.0051     0.040    -3.276 
4827.494   23.0051     0.040    -2.858 
4827.494   23.0051     0.040    -4.297 
4827.498   23.0051     0.040    -2.996 
4827.498   23.0051     0.040    -3.276 
4827.521      27.0     4.237     -3.30 
4827.524      24.0     4.398     -4.45 
4827.539      23.0     2.038     -5.97 
4827.548      22.0     3.059     -3.01 
4827.572      22.0     2.304     -1.15 
4827.644      20.0     5.045     -1.69 
4827.693      23.0     2.876     -3.38 
4827.735      60.1     0.204     -2.00 
4827.854      23.0     3.096     -3.19 
4828.041      40.0     0.622     -0.64 
4828.234      23.1     6.517     -3.19 
4828.236      23.1     5.463     -2.39 
4828.280      22.0     3.111     -3.50 
4828.461      42.0     3.435     -0.67 
4828.571      60.1     0.380     -1.56 
4828.672      24.0     2.542     -2.96 
4828.683      22.0     3.125     -2.04 
4828.799      23.0     2.576     -0.96 
4828.887      24.1     5.315     -5.34 
4828.963      69.0     2.039     -0.55 
4829.014   23.0051     1.080    -4.425 
4829.014   23.0051     1.080    -5.328 
4829.016      28.0     3.539     -0.33 
4829.023   23.0051     1.080    -4.612 
4829.023   23.0051     1.080    -5.124 
4829.023   23.0051     1.080    -5.328 
4829.027      27.1     5.171     -2.53 
4829.030   23.0051     1.080    -4.831 
4829.030   23.0051     1.080    -5.059 
4829.030   23.0051     1.080    -5.124 
4829.037   23.0051     1.080    -5.059 
4829.037   23.0051     1.080    -5.066 
4829.037   23.0051     1.080    -5.094 
4829.042   23.0051     1.080    -5.066 
4829.042   23.0051     1.080    -5.132 
4829.042   23.0051     1.080    -5.425 
4829.045   23.0051     1.080    -5.132 
4829.045   23.0051     1.080    -5.270 
4829.045   23.0051     1.080    -5.872 
4829.048   23.0051     1.080    -5.270 
4829.048   23.0051     1.080    -5.550 
4829.048   23.0051     1.080    -6.571 
4829.049   23.0051     1.080    -5.550 
4829.153      23.0     3.111     -1.35 
4829.221      24.0     3.367     -2.42 
4829.281      63.0     1.943     -0.29 
4829.286      41.0     2.222     -0.53 
4829.308      24.0     2.543     -1.42 
4829.372      24.0     2.543     -0.51 
4829.434   25.0055     3.132    -8.744 
4829.439   25.0055     3.132    -8.482 
4829.439   25.0055     3.132    -8.744 
4829.439   25.0055     3.132    -9.510 
4829.448   25.0055     3.132    -8.380 
4829.448   25.0055     3.132    -8.482 
4829.448   25.0055     3.132    -8.811 
4829.461      20.0     5.485     -4.68 
4829.461      22.0     3.455     -3.84 
4829.462   25.0055     3.132    -8.364 
4829.462   25.0055     3.132    -8.380 
4829.462   25.0055     3.132    -8.385 
4829.473      26.0     4.577     -3.51 
4829.481   25.0055     3.132    -8.033 
4829.481   25.0055     3.132    -8.385 
4829.481   25.0055     3.132    -8.548 
4829.504   25.0055     3.132    -7.770 
4829.504   25.0055     3.132    -8.548 
4829.526      68.0     0.954     -1.03 
4829.533      23.1     2.024     -3.68 
4829.538      25.0     5.195     -2.84 
4829.560      62.1     0.378     -1.28 
4829.612      24.0     3.886     -3.12 
4829.629      28.1     6.641     -5.93 
4829.652      25.0     5.210     -3.44 
4829.682      26.0     4.140     -4.21 
4829.690      66.1     2.587     -0.02 
4829.898      24.0     4.532     -2.86 
4829.906      22.0     2.101     -3.38 
4829.926      42.0     2.494     -1.77 
4829.940      64.0     1.448     -0.26 
4829.949      26.0     4.298     -3.31 
4829.965      20.0     5.014     -4.60 
4830.008      14.0     4.916     -2.91 
4830.050      24.0     2.706     -7.27 
4830.061      25.1     6.172     -1.85 
4830.131   23.0051     2.113    -2.148 
4830.131   23.0051     2.113    -2.440 
4830.131   23.0051     2.113    -2.635 
4830.131   23.0051     2.113    -2.635 
4830.131   23.0051     2.113    -2.666 
4830.131   23.0051     2.113    -2.666 
4830.131   23.0051     2.113    -2.699 
4830.131   23.0051     2.113    -2.699 
4830.131   23.0051     2.113    -2.846 
4830.131   23.0051     2.113    -2.847 
4830.131   23.0051     2.113    -2.847 
4830.131   23.0051     2.113    -2.898 
4830.131   23.0051     2.113    -2.898 
4830.131   23.0051     2.113    -3.153 
4830.131   23.0051     2.113    -3.563 
4830.131   23.0051     2.113    -4.806 
4830.336      26.1     6.802     -4.48 
4830.341      63.0     2.148      0.11 
4830.399      22.1     5.563     -2.50 
4830.512      42.0     2.621     -0.00 
4830.538      26.0     3.412     -3.24 
4830.670      62.1     0.434     -2.44 
4830.677   23.0051     2.377    -4.367 
4830.677   23.0051     2.377    -4.778 
4830.679      21.0     5.055     -1.72 
4830.679      21.0     5.055     -3.47 
4830.686   23.0051     2.377    -4.664 
4830.686   23.0051     2.377    -4.778 
4830.686   23.0051     2.377    -4.983 
4830.693   23.0051     2.377    -4.664 
4830.693   23.0051     2.377    -4.789 
4830.698   23.0051     2.377    -4.789 
4830.698   23.0051     2.377    -4.965 
4830.740      24.0     3.373     -2.42 
4830.780      60.1     0.680     -1.95 
4830.784      25.0     5.949     -4.03 
4830.815      24.0     2.897     -4.95 
4831.000   25.0055     3.133    -7.355 
4831.000   25.0055     3.133    -7.385 
4831.000   25.0055     3.133    -8.133 
4831.007   25.0055     3.133    -7.100 
4831.007   25.0055     3.133    -7.179 
4831.007   25.0055     3.133    -8.054 
4831.017   25.0055     3.133    -6.878 
4831.017   25.0055     3.133    -7.112 
4831.017   25.0055     3.133    -8.179 
4831.031   25.0055     3.133    -6.694 
4831.031   25.0055     3.133    -7.138 
4831.031   25.0055     3.133    -8.531 
4831.048   25.0055     3.133    -6.536 
4831.048   25.0055     3.133    -7.314 
4831.068   25.0055     3.133    -6.396 
4831.078      28.0     3.541     -3.43 
4831.122      90.0     0.457     -1.57 
4831.126      26.1     3.337     -4.94 
4831.136      22.0     3.389     -3.86 
4831.154      68.1     1.618     -0.62 
4831.155      25.1     5.832     -5.76 
4831.176      28.0     3.603     -0.32 
4831.197      26.0     3.544     -3.86 
4831.200      69.1     2.852     -0.10 
4831.202      26.1     7.568     -2.60 
4831.242      27.1     5.042     -1.67 
4831.355      42.0     2.756     -2.52 
4831.410      25.0     4.432     -3.05 
4831.439      20.0     5.177     -5.95 
4831.444      26.0     4.648     -4.12 
4831.561      24.0     4.102     -2.40 
4831.598      90.0     1.021     -1.56 
4831.599      27.0     4.146     -2.65 
4831.611   23.0051     0.017    -2.725 
4831.627   23.0051     0.017    -2.026 
4831.627   23.0051     0.017    -2.544 
4831.640   23.0051     0.017    -2.318 
4831.641   23.0051     0.017    -2.513 
4831.642      24.0     3.419     -1.42 
4831.651   23.0051     0.017    -2.724 
4831.653      25.0     4.791     -2.60 
4831.653   23.0051     0.017    -2.577 
4831.655   23.0051     0.017    -2.725 
4831.660   23.0051     0.017    -3.441 
4831.662   23.0051     0.017    -2.776 
4831.664   23.0051     0.017    -2.544 
4831.667   23.0051     0.017    -4.681 
4831.670   23.0051     0.017    -2.513 
4831.672   23.0051     0.017    -3.031 
4831.675   23.0051     0.017    -2.577 
4831.677   23.0051     0.017    -2.776 
4831.690      24.0     2.707     -6.44 
4831.698   23.0051     1.954    -5.022 
4831.698   23.0051     1.954    -5.089 
4831.698   23.0051     1.954    -5.721 
4831.705   23.0051     1.954    -4.826 
4831.705   23.0051     1.954    -4.826 
4831.705   23.0051     1.954    -5.566 
4831.716      20.0     5.685     -4.10 
4831.717   23.0051     1.954    -4.622 
4831.717   23.0051     1.954    -4.721 
4831.717   23.0051     1.954    -5.566 
4831.733   23.0051     1.954    -4.452 
4831.733   23.0051     1.954    -4.674 
4831.733   23.0051     1.954    -5.663 
4831.739      24.0     5.176     -3.41 
4831.753   23.0051     1.954    -4.306 
4831.753   23.0051     1.954    -4.680 
4831.753   23.0051     1.954    -5.867 
4831.777   23.0051     1.954    -4.177 
4831.777   23.0051     1.954    -4.753 
4831.777   23.0051     1.954    -6.265 
4831.805   23.0051     1.954    -4.061 
4831.805   23.0051     1.954    -4.964 
4831.837   23.0051     1.954    -3.956 
4831.851      24.0     2.980     -3.80 
4831.903      25.0     4.636     -2.15 
4832.005      25.0     5.177     -2.66 
4832.037      26.0     4.188     -2.69 
4832.042      22.0     3.397     -3.87 
4832.064      59.1     0.055     -1.66 
4832.066      22.0     2.295     -1.34 
4832.089      27.0     3.968     -0.92 
4832.108      38.0     1.797     -0.11 
4832.140      22.0     2.736     -3.55 
4832.171      73.0     1.236     -1.85 
4832.190      27.0     4.046     -2.94 