# 
5779.101      26.0     3.298     -5.36 
5779.235      62.0     0.185     -1.36 
5779.344      42.0     2.513     -1.65 
5779.349      20.0     5.574     -3.99 
5779.583      27.1     5.462     -7.87 
5779.632      24.0     3.090     -9.48 
5779.662      26.1     2.702     -8.50 
5779.688      26.0     4.984     -2.95 
5779.964      23.0     2.503     -7.47 
5779.974      22.0     2.486     -4.69 
5779.980      73.0     2.558     -1.17 
5780.095      42.0     2.932     -1.80 
5780.164      25.0     4.243     -0.95 
5780.278      27.1     3.457     -7.84 
5780.305      41.0     1.572     -2.05 
5780.384      14.0     4.916     -2.35 
5780.396      26.0     3.299     -6.56 
5780.589      92.0     0.774     -0.86 
5780.600      26.0     3.239     -2.64 
5780.623      42.0     2.916     -2.02 
5780.689      73.0     0.752     -2.07 
5780.719       6.0     8.840     -3.70 
5780.724      28.0     4.086     -3.02 
5780.724      42.0     2.553     -2.99 
5780.761      22.0     2.248     -1.21 
5780.799      76.0     1.907     -1.38 
5780.804      26.0     3.263     -3.07 
5780.824      26.0     3.692     -5.61 
5780.832      26.0     4.431     -3.52 
5780.871      22.0     3.059     -4.06 
5780.871      22.0     3.137     -2.80 
5780.905      24.0     3.319     -1.12 
5781.120      23.0     3.111     -0.62 
5781.179      24.0     3.008     -1.00 
5781.180      24.0     3.320     -0.77 
5781.492      26.0     4.603     -3.95 
5781.642      22.1     1.571     -6.19 
5781.689      39.1     1.838     -0.91 
5781.790      24.0     2.965     -5.89 
5781.796      27.0     0.922     -7.46 
5781.826      24.0     3.320     -0.64 
5781.913      62.1     0.997     -1.86 
5782.053   29.0065     1.641    -2.924 
5782.056      24.1     4.009     -8.20 
5782.059   29.0063     1.641    -2.924 
5782.062   29.0065     1.641    -3.225 
5782.066   29.0063     1.641    -3.225 
5782.074   29.0065     1.641    -2.526 
5782.078      26.0     4.280     -3.90 
5782.078   29.0063     1.641    -2.526 
5782.105   29.0065     1.641    -2.526 
5782.106   29.0063     1.641    -2.526 
5782.111      26.0     5.060     -1.27 
5782.117   29.0063     1.641    -2.526 
5782.117   29.0065     1.641    -2.526 
5782.170   29.0063     1.641    -2.079 
5782.173   29.0065     1.641    -2.079 
5782.220      25.0     5.108     -4.21 
5782.360      69.1     2.184     -1.70 
5782.384      19.0     1.609     -1.91 
5782.414      58.0     0.998     -0.14 
5782.454      26.0     2.448     -8.11 
5782.518      23.1     2.508     -8.13 
5782.576   23.0051     1.080    -2.770 
5782.589   23.0051     1.080    -2.911 
5782.589   23.0051     1.080    -3.610 
5782.600   23.0051     1.080    -3.075 
5782.600   23.0051     1.080    -3.414 
5782.600   23.0051     1.080    -4.724 
5782.605   23.0051     2.377    -1.760 
5782.609   23.0051     1.080    -3.273 
5782.609   23.0051     1.080    -3.360 
5782.609   23.0051     1.080    -4.314 
5782.616   23.0051     1.080    -3.382 
5782.616   23.0051     1.080    -3.528 
5782.616   23.0051     1.080    -4.092 
5782.618   23.0051     2.377    -2.081 
5782.618   23.0051     2.377    -2.227 
5782.621   23.0051     1.080    -3.473 
5782.621   23.0051     1.080    -3.916 
5782.621   23.0051     1.080    -3.967 
5782.625   23.0051     1.080    -3.661 
5782.625   23.0051     1.080    -3.916 
5782.627   23.0051     1.080    -3.946 
5782.628   23.0051     2.377    -2.081 
5782.628   23.0051     2.377    -2.558 
5782.635   23.0051     2.377    -2.102 
5782.718   23.0051     2.136    -2.784 
5782.718   23.0051     2.136    -3.236 
5782.718   23.0051     2.136    -4.236 
5782.734   23.0051     2.136    -2.666 
5782.734   23.0051     2.136    -3.025 
5782.734   23.0051     2.136    -4.029 
5782.754   23.0051     2.136    -2.548 
5782.754   23.0051     2.136    -2.929 
5782.754   23.0051     2.136    -4.001 
5782.778      58.0     0.398     -1.16 
5782.780   23.0051     2.136    -2.436 
5782.780   23.0051     2.136    -2.893 
5782.780   23.0051     2.136    -4.081 
5782.811   23.0051     2.136    -2.332 
5782.811   23.0051     2.136    -2.909 
5782.811   23.0051     2.136    -4.273 
5782.817      68.0     0.862     -0.97 
5782.847   23.0051     2.136    -2.236 
5782.847   23.0051     2.136    -2.991 
5782.847   23.0051     2.136    -4.662 
5782.889   23.0051     2.136    -2.146 
5782.889   23.0051     2.136    -3.209 
5782.935   23.0051     2.136    -2.062 
5783.063      24.0     3.320     -0.50 
5783.111      24.0     3.553     -1.82 
5783.254       6.0     8.840     -3.37 
5783.441      24.1     6.636     -4.49 
5783.502      23.0     2.706     -0.38 
5783.730      22.0     3.152     -2.34 
5783.850      24.0     3.320     -0.29 
5783.894      26.0     3.281     -3.52 
5783.920      26.0     2.843     -4.53 
5783.964      58.1     1.457     -1.42 
5783.990      42.0     3.672     -1.56 
5784.027       6.0     8.841     -3.40 
5784.033      26.0     4.175     -4.48 
5784.129      26.0     3.412     -5.04 
5784.177      56.1     6.119     -0.40 
5784.306      22.0     3.196     -2.74 
5784.365      23.0     2.764     -0.01 
5784.440      69.1     2.770     -1.32 
5784.510   21.0045     3.605    -5.655 
5784.511   21.0045     3.605    -5.370 
5784.511   21.0045     3.605    -5.625 
5784.514   21.0045     3.605    -5.182 
5784.514   21.0045     3.605    -5.625 
5784.514   21.0045     3.605    -5.676 
5784.519   21.0045     3.605    -5.091 
5784.519   21.0045     3.605    -5.237 
5784.519   21.0045     3.605    -5.801 
5784.526   21.0045     3.605    -4.982 
5784.526   21.0045     3.605    -5.069 
5784.526   21.0045     3.605    -6.023 
5784.534   21.0045     3.605    -4.784 
5784.534   21.0045     3.605    -5.123 
5784.534   21.0045     3.605    -6.433 
5784.544   21.0045     3.605    -4.620 
5784.544   21.0045     3.605    -5.319 
5784.556   21.0045     3.605    -4.479 
5784.600      24.0     3.847     -2.06 
5784.658      26.0     3.397     -2.67 
5784.661      68.0     1.432     -0.22 
5784.700      23.1     2.219     -6.92 
5784.713      24.0     3.094     -2.92 
5784.774      20.0     5.581     -7.57 
5784.775      26.0     4.100     -4.41 
5784.852      58.0     0.826     -0.20 
5784.862      90.1     2.140     -1.61 
5784.864       6.0     8.841     -4.06 
5784.910      24.1     3.855     -6.09 
5784.947      23.0     3.526     -2.50 
5784.956      60.0     0.293     -0.84 
5784.961      15.0     7.207     -4.00 
5784.969      24.0     3.319     -0.38 
5784.979      26.1     7.707     -2.30 
5785.024      24.1     3.884     -6.98 