# 
5102.507      23.1     6.096     -3.63 
5102.517      25.1     5.986     -1.93 
5102.528      24.0     3.419     -2.73 
5102.648      26.0     4.183     -1.61 
5102.752      23.1     3.755     -5.36 
5102.815      24.0     5.618     -2.97 
5102.819      26.0     3.045     -6.99 
5102.859      26.0     4.909     -2.27 
5102.966      28.0     1.675     -2.87 
5103.029      28.0     4.232     -2.00 
5103.090      62.1     1.165     -0.35 
5103.124      22.0     2.736     -1.04 
5103.140      27.0     4.110     -1.69 
5103.160      60.0     0.000     -0.51 
5103.317      25.1     6.666     -2.77 
5103.398      26.0     4.984     -2.11 
5103.444      33.0     6.394     -0.20 
5103.457      64.0     0.985      0.52 
5103.468      22.0     2.470     -2.18 
5103.499      76.0     1.083     -2.43 
5103.522      22.0     3.389     -3.03 
5103.620      24.0     4.443     -1.42 
5103.689      24.1     6.798     -4.14 
5103.734      20.0     5.295     -5.96 
5103.906      23.0     2.357     -2.23 
5103.999      24.1     4.009     -6.20 
5104.030      26.0     3.015     -2.87 
5104.059      25.0     3.769     -5.93 
5104.080      62.1     1.265     -1.00 
5104.181      20.0     5.296     -5.70 
5104.190      26.0     4.175     -1.97 
5104.255      24.1     6.863     -4.01 
5104.277      24.0     3.886     -3.85 
5104.432      22.0     2.235     -4.99 
5104.432      74.1     2.353     -0.91 
5104.438      26.0     4.280     -1.69 
5104.480      62.1     0.997     -0.65 
5104.536      25.0     4.824     -2.79 
5104.592   23.0051     2.357    -4.631 
5104.592   23.0051     2.357    -4.886 
5104.592   23.0051     2.357    -4.916 
5104.600   23.0051     2.357    -4.443 
5104.600   23.0051     2.357    -4.498 
5104.600   23.0051     2.357    -4.886 
5104.612   23.0051     2.357    -4.243 
5104.612   23.0051     2.357    -4.352 
5104.612   23.0051     2.357    -4.937 
5104.629   23.0051     2.357    -4.045 
5104.629   23.0051     2.357    -4.330 
5104.629   23.0051     2.357    -5.062 
5104.649   23.0051     2.357    -3.881 
5104.649   23.0051     2.357    -4.384 
5104.649   23.0051     2.357    -5.284 
5104.674   23.0051     2.357    -3.740 
5104.674   23.0051     2.357    -4.580 
5104.674   23.0051     2.357    -5.694 
5104.688      42.0     3.387     -1.70 
5104.719      27.0     4.256     -4.25 
5104.729      26.0     4.984     -2.92 
5104.790   23.0051     2.121    -7.856 
5104.793   23.0051     2.121    -7.571 
5104.793   23.0051     2.121    -7.826 
5104.798   23.0051     2.121    -7.383 
5104.798   23.0051     2.121    -7.826 
5104.798   23.0051     2.121    -7.877 
5104.805   23.0051     2.121    -7.292 
5104.805   23.0051     2.121    -7.438 
5104.805   23.0051     2.121    -8.002 
5104.813      26.0     3.015     -5.74 
5104.814   23.0051     2.121    -7.183 
5104.814   23.0051     2.121    -7.270 
5104.814   23.0051     2.121    -8.224 
5104.826   23.0051     2.121    -6.985 
5104.826   23.0051     2.121    -7.324 
5104.826   23.0051     2.121    -8.634 
5104.841   23.0051     2.121    -6.821 
5104.841   23.0051     2.121    -7.520 
5104.842      22.0     2.776     -4.21 
5104.858   23.0051     2.121    -6.680 
5105.142      24.0     4.452     -1.97 
5105.146      23.0     2.787     -0.19 
5105.227      58.1     0.899     -1.32 
5105.230      60.1     1.136     -0.61 
5105.503   29.0065     1.388    -3.720 
5105.505   29.0063     1.388    -3.720 
5105.506   29.0065     1.388    -2.766 
5105.509   29.0063     1.388    -2.766 
5105.509   29.0065     1.388    -2.720 
5105.510   29.0065     1.388    -3.896 
5105.511   29.0063     1.388    -2.720 
5105.512   29.0063     1.388    -3.896 
5105.515   29.0065     1.388    -2.653 
5105.517   29.0063     1.388    -2.653 
5105.519   29.0065     1.388    -2.398 
5105.520   29.0063     1.388    -2.398 
5105.530   29.0065     1.388    -2.750 
5105.531   29.0063     1.388    -2.750 
5105.536   29.0063     1.388    -2.148 
5105.536   29.0065     1.388    -2.148 
5105.558   29.0063     1.388    -1.942 
5105.560   29.0065     1.388    -1.942 
5105.581      24.0     4.444     -3.95 
5105.601      24.0     3.548     -2.19 
5105.652      22.0     2.235     -2.22 
5105.663   23.0051     1.852    -8.571 
5105.663   23.0051     1.852    -8.767 
5105.667   23.0051     1.852    -8.546 
5105.667   23.0051     1.852    -8.557 
5105.667   23.0051     1.852    -8.767 
5105.674   23.0051     1.852    -8.419 
5105.674   23.0051     1.852    -8.443 
5105.674   23.0051     1.852    -8.546 
5105.683   23.0051     1.852    -8.252 
5105.683   23.0051     1.852    -8.400 
5105.683   23.0051     1.852    -8.443 
5105.695   23.0051     1.852    -8.083 
5105.695   23.0051     1.852    -8.400 
5105.695   23.0051     1.852    -8.411 
5105.709   23.0051     1.852    -7.924 
5105.709   23.0051     1.852    -8.411 
5105.709   23.0051     1.852    -8.488 
5105.725   23.0051     1.852    -7.776 
5105.725   23.0051     1.852    -8.488 
5105.725   23.0051     1.852    -8.703 
5105.743   23.0051     1.852    -7.640 
5105.743   23.0051     1.852    -8.703 
5105.789      20.0     5.045     -1.68 
5105.889      25.1     6.128     -5.06 
5105.892      24.0     4.407     -4.05 
5106.061      23.0     1.802     -3.67 
5106.090      23.0     3.111     -4.70 
5106.217      58.1     1.278     -1.75 
5106.223      23.1     2.554     -2.44 
5106.236      57.0     0.331     -0.83 
5106.239      26.0     4.909     -0.84 
5106.458      26.0     4.603     -2.56 
5106.481      25.1     5.988     -3.08 
5106.502      24.0     4.189     -4.15 
5106.624      26.0     4.281     -3.95 
5106.665   23.0051     1.847    -8.573 
5106.665   23.0051     1.847    -8.828 
5106.665   23.0051     1.847    -8.858 
5106.666   23.0051     1.847    -8.294 
5106.666   23.0051     1.847    -8.385 
5106.666   23.0051     1.847    -8.440 
5106.666   23.0051     1.847    -8.828 
5106.666   23.0051     1.847    -8.879 
5106.666   23.0051     1.847    -9.004 
5106.668   23.0051     1.847    -8.185 
5106.668   23.0051     1.847    -8.272 
5106.668   23.0051     1.847    -9.226 
5106.669   23.0051     1.847    -7.987 
5106.669   23.0051     1.847    -8.326 
5106.669   23.0051     1.847    -9.636 
5106.671   23.0051     1.847    -7.823 
5106.671   23.0051     1.847    -8.522 
5106.673   23.0051     1.847    -7.682 
5107.066      44.0     1.588     -1.54 
5107.092      25.1     7.376     -1.48 
5107.235      22.0     1.748     -5.01 
5107.245      26.1     6.204     -3.96 
5107.400      64.1     1.287     -1.52 
5107.447      26.0     0.989     -3.10 
5107.507      25.1     5.563     -3.95 
5107.520      13.0     3.140     -2.40 
5107.533      69.0     2.447     -0.04 
5107.553      26.0     4.981     -2.95 
5107.570      60.1     0.822     -0.37 
5107.641      26.0     1.556     -2.36 
5107.674      24.0     0.982     -4.81 
5107.768      23.1     2.555     -3.10 
5107.918      42.0     3.393     -2.15 
5107.943      13.0     3.140     -2.70 
5107.943      28.0     4.534     -1.89 
5107.945      20.0     5.014     -6.35 
5107.995      23.0     3.242     -4.38 
5108.075      24.0     0.968     -5.31 
5108.125      25.0     4.791     -3.35 
5108.172      26.0     3.981     -3.61 
5108.261      22.0     2.776     -3.75 
5108.295      27.0     4.229     -1.15 
5108.397      26.0     4.555     -2.09 
5108.425      22.0     3.548     -1.47 