# 
5293.724      25.1     6.489     -5.45 
5293.811      23.0     3.242     -4.12 
5293.878      23.0     2.914     -4.08 
5293.888   23.0051     2.284    -2.981 
5293.888   23.0051     2.284    -3.048 
5293.888   23.0051     2.284    -3.680 
5293.898   23.0051     2.284    -2.785 
5293.898   23.0051     2.284    -2.785 
5293.898   23.0051     2.284    -3.525 
5293.912   23.0051     2.284    -2.581 
5293.912   23.0051     2.284    -2.680 
5293.912   23.0051     2.284    -3.525 
5293.920      22.0     3.332     -2.65 
5293.930   23.0051     2.284    -2.411 
5293.930   23.0051     2.284    -2.633 
5293.930   23.0051     2.284    -3.622 
5293.954   23.0051     2.284    -2.265 
5293.954   23.0051     2.284    -2.639 
5293.954   23.0051     2.284    -3.826 
5293.959      26.0     4.140     -1.87 
5293.982   23.0051     2.284    -2.136 
5293.982   23.0051     2.284    -2.712 
5293.982   23.0051     2.284    -4.224 
5294.015   23.0051     2.284    -2.020 
5294.015   23.0051     2.284    -2.923 
5294.032      24.1     5.869     -4.53 
5294.053      58.0     0.520     -0.26 
5294.053   23.0051     2.284    -1.915 
5294.086      26.0     5.060     -0.66 
5294.363      22.0     3.109     -1.68 
5294.413      27.0     4.107     -1.50 
5294.469   25.0055     3.370    -3.455 
5294.469   25.0055     3.370    -4.144 
5294.469   25.0055     3.370    -5.098 
5294.470      69.0     3.049      0.52 
5294.478   25.0055     3.370    -3.667 
5294.478   25.0055     3.370    -3.998 
5294.478   25.0055     3.370    -4.718 
5294.485   25.0055     3.370    -3.940 
5294.485   25.0055     3.370    -4.019 
5294.485   25.0055     3.370    -4.542 
5294.490   25.0055     3.370    -4.174 
5294.490   25.0055     3.370    -4.350 
5294.490   25.0055     3.370    -4.496 
5294.547      26.0     3.637     -2.86 
5294.555      22.0     0.812     -4.82 
5294.575      26.0     4.984     -2.39 
5294.615      63.0     2.194      0.36 
5294.652      62.0     1.712      0.20 
5294.677   23.0051     2.364    -4.099 
5294.678   23.0051     2.364    -3.814 
5294.678   23.0051     2.364    -4.069 
5294.680   23.0051     2.364    -3.626 
5294.680   23.0051     2.364    -4.069 
5294.680   23.0051     2.364    -4.120 
5294.682   23.0051     2.364    -3.535 
5294.682   23.0051     2.364    -3.681 
5294.682   23.0051     2.364    -4.245 
5294.686   23.0051     2.364    -3.426 
5294.686   23.0051     2.364    -3.513 
5294.686   23.0051     2.364    -4.467 
5294.690   23.0051     2.364    -3.228 
5294.690   23.0051     2.364    -3.567 
5294.690   23.0051     2.364    -4.877 
5294.696   23.0051     2.364    -3.064 
5294.696   23.0051     2.364    -3.763 
5294.702   23.0051     2.364    -2.923 
5294.800      26.0     5.029     -3.56 
5294.823      40.0     0.998     -1.49 
5294.855      58.1     1.347     -1.66 
5294.865       6.0     8.641     -3.67 
5294.868      72.0     0.566     -1.63 
5294.954      58.0     0.588     -0.78 
5295.011      73.0     1.146     -1.72 
5295.064      26.0     4.730     -3.61 
5295.155      58.1     1.480     -1.75 
5295.250      20.0     5.295     -4.60 
5295.307   21.1045     1.356    -4.142 
5295.307   21.1045     1.356    -4.315 
5295.308   21.1045     1.356    -4.131 
5295.309   21.1045     1.356    -4.289 
5295.310   21.1045     1.356    -4.491 
5295.311      23.1     4.513     -2.35 
5295.311   21.1045     1.356    -6.239 
5295.312   21.1045     1.356    -4.813 
5295.313      26.0     4.412     -1.69 
5295.313   21.1045     1.356    -4.315 
5295.314   21.1045     1.356    -4.117 
5295.316   21.1045     1.356    -3.719 
5295.316   21.1045     1.356    -4.142 
5295.319   21.1045     1.356    -4.131 
5295.322   21.1045     1.356    -4.289 
5295.426       6.0     8.531     -2.81 
5295.455      42.0     2.513     -1.50 
5295.502      26.0     2.690     -5.24 
5295.639      46.0     4.451      0.51 
5295.673      76.0     2.009     -2.15 
5295.730      20.0     5.296     -4.42 
5295.776      22.0     1.066     -1.59 
5295.949      20.0     5.386     -5.75 
5296.090      26.0     4.298     -2.51 
5296.113      25.0     4.751     -2.87 
5296.175      26.0     4.987     -1.70 
5296.349      41.0     1.761     -1.49 
5296.419      24.0     3.887     -2.22 
5296.437      26.0     3.271     -6.85 
5296.539      24.0     3.123     -6.87 
5296.564      58.0     0.493      0.01 
5296.659      22.0     2.159     -3.15 
5296.660      24.1     6.863     -4.37 
5296.691      24.0     0.982     -1.36 
5296.724      22.0     2.173     -3.66 
5296.748      26.0     3.015     -5.87 
5296.806      40.0     0.998     -1.19 
5296.873      24.0     4.532     -3.08 
5296.913      42.0     2.985     -2.07 
5296.932       6.0     8.636     -2.64 
5296.949      27.0     3.250     -4.29 
5296.956      24.0     4.443     -2.83 
5296.984      42.0     2.595     -2.47 
5297.135      26.0     2.988     -5.82 
5297.229      22.0     1.872     -0.60 
5297.247      23.0     1.941     -4.71 
5297.367      25.0     5.380     -0.82 
5297.377      24.0     2.897      0.17 
5297.400      26.0     5.066     -4.00 
5297.425      22.0     3.106     -3.55 
5297.564      25.0     5.108     -3.70 
5297.590      26.0     3.015     -4.92 
5297.743      90.0     1.090     -1.23 
5297.802      42.0     2.596     -2.64 
5297.904      25.0     5.407      0.15 
5297.963      26.0     4.962     -3.05 
5298.016      24.0     2.897     -0.06 
5298.029      22.0     3.699     -3.31 
5298.040      72.1     1.890     -1.26 
5298.042      26.1     6.724     -3.77 
5298.042      42.0     2.678     -1.92 
5298.090      59.1     0.633     -0.45 
5298.100      26.0     4.987     -3.37 
5298.169      26.0     5.096     -1.57 
5298.190       6.0     8.634     -3.71 
5298.201      26.0     5.029     -0.76 
5298.211      22.0     3.699     -3.33 
5298.266      58.0     0.294     -0.76 
5298.272      24.0     0.982     -1.14 
5298.321      26.0     5.082     -1.00 
5298.419      22.0     2.504     -0.29 
5298.491      26.0     3.045     -6.44 
5298.494      24.0     2.897     -0.35 
5298.538      28.0     5.338     -0.04 
5298.585      64.0     1.266     -0.72 
5298.637      22.0     3.348     -3.97 
5298.642      27.1     3.418     -5.93 
5298.680      26.0     3.412     -4.94 
5298.776      26.0     3.639     -2.16 
5298.797      76.0     3.510     -0.38 
5298.847      25.0     5.380     -0.48 
5298.853      26.0     4.987     -1.04 
5298.881      60.0     0.140     -0.62 
5298.945      26.0     4.909     -3.03 
5298.998      24.0     4.452     -3.61 
5299.044      25.0     5.380     -1.70 
5299.068      24.0     4.444     -1.94 
5299.158      58.0     0.670     -0.70 
5299.198      62.0     0.101     -2.24 
5299.294      24.0     4.452     -1.75 