# 
5345.406      24.0     3.885     -2.38 
5345.492      27.0     4.568     -3.28 
5345.538      24.0     3.461     -1.87 
5345.565      14.0     7.553     -4.60 
5345.655      70.1     4.339     -0.55 
5345.669      27.0     2.716     -4.34 
5345.682      64.0     0.124     -1.46 
5345.700      60.1     1.120     -0.77 
5345.796      24.0     1.003     -0.95 
5345.824      70.1     5.069     -0.53 
5345.854      15.0     7.207     -0.88 
5345.855      24.0     4.614     -3.03 
5345.976      12.0     5.104     -2.62 
5345.976      12.0     5.104     -2.84 
5345.976      12.0     5.104     -3.31 
5346.027      76.0     1.410     -3.01 
5346.043      14.0     5.615     -0.80 
5346.067      24.1     3.824     -2.65 
5346.164      24.0     4.774     -4.09 
5346.263      14.0     5.615     -1.95 
5346.275      72.1     3.526     -0.61 
5346.294      26.0     4.981     -4.32 
5346.332      26.0     3.600     -4.18 
5346.338      27.0     4.146     -2.01 
5346.347      25.0     5.401     -2.58 
5346.375      25.1     6.489     -2.44 
5346.500      69.1     2.419     -0.45 
5346.538      24.1     3.755     -2.95 
5346.547      58.0     0.274     -0.97 
5346.549      58.0     0.983     -0.26 
5346.571      26.1     3.228     -5.07 
5346.604      14.0     5.615     -2.04 
5346.647      23.1     3.970     -3.55 
5346.807      14.0     5.615     -4.22 
5347.044      90.1     2.729     -0.81 
5347.045      20.0     5.792     -8.13 
5347.071      28.0     4.150     -1.44 
5347.125      26.0     5.060     -0.94 
5347.127   23.0051     1.892    -4.085 
5347.150   23.0051     1.892    -4.064 
5347.150   23.0051     1.892    -4.541 
5347.181   23.0051     1.892    -4.064 
5347.181   23.0051     1.892    -4.210 
5347.194      22.0     3.348     -3.35 
5347.213      70.1     4.339     -0.25 
5347.219   23.0051     1.892    -3.743 
5347.290      26.0     5.066     -3.74 
5347.371      26.0     4.909     -1.83 
5347.494      27.0     4.146     -0.16 
5347.632   23.0051     1.858    -5.748 
5347.632   23.0051     1.858    -6.318 
5347.643   23.0051     1.858    -5.722 
5347.643   23.0051     1.858    -6.097 
5347.643   23.0051     1.858    -6.318 
5347.658   23.0051     1.858    -5.641 
5347.658   23.0051     1.858    -6.000 
5347.658   23.0051     1.858    -6.097 
5347.675   23.0051     1.858    -5.536 
5347.675   23.0051     1.858    -5.965 
5347.675   23.0051     1.858    -6.000 
5347.697   23.0051     1.858    -5.423 
5347.697   23.0051     1.858    -5.965 
5347.697   23.0051     1.858    -5.983 
5347.705      28.0     3.793     -2.04 
5347.722   23.0051     1.858    -5.309 
5347.722   23.0051     1.858    -5.983 
5347.722   23.0051     1.858    -6.067 
5347.750   23.0051     1.858    -5.198 
5347.750   23.0051     1.858    -6.067 
5347.750   23.0051     1.858    -6.288 
5347.783   23.0051     1.858    -5.091 
5347.783   23.0051     1.858    -6.288 
5347.809      58.1     0.740     -1.62 
5347.857      65.1     0.126     -2.06 
5348.009      24.0     3.886     -2.50 
5348.032      24.0     5.706     -3.49 
5348.043      26.0     5.389     -3.86 
5348.061      68.0     1.158     -0.31 
5348.074      62.0     0.036     -1.69 
5348.118   25.0055     3.376    -2.265 
5348.127   25.0055     3.376    -2.477 
5348.127   25.0055     3.376    -2.954 
5348.133   25.0055     3.376    -2.750 
5348.133   25.0055     3.376    -2.808 
5348.133   25.0055     3.376    -3.908 
5348.139   25.0055     3.376    -2.829 
5348.139   25.0055     3.376    -3.160 
5348.139   25.0055     3.376    -3.528 
5348.142   25.0055     3.376    -2.984 
5348.142   25.0055     3.376    -3.352 
5348.144   25.0055     3.376    -3.306 
5348.314      24.0     1.003     -1.21 
5348.338      23.1     6.312     -4.48 
5348.359      26.0     4.952     -1.93 
5348.400      72.1     1.869     -2.21 
5348.575      24.0     3.142     -5.63 
5348.592      25.1     5.986     -5.47 
5348.658   23.0051     1.852    -5.289 
5348.658   23.0051     1.852    -5.485 
5348.663   23.0051     1.852    -5.264 
5348.663   23.0051     1.852    -5.275 
5348.663   23.0051     1.852    -5.485 
5348.671      64.0     0.790     -0.38 
5348.671   23.0051     1.852    -5.137 
5348.671   23.0051     1.852    -5.161 
5348.671   23.0051     1.852    -5.264 
5348.681   23.0051     1.852    -4.970 
5348.681   23.0051     1.852    -5.118 
5348.681   23.0051     1.852    -5.161 
5348.694   23.0051     1.852    -4.801 
5348.694   23.0051     1.852    -5.118 
5348.694   23.0051     1.852    -5.129 
5348.709   23.0051     1.852    -4.642 
5348.709   23.0051     1.852    -5.129 
5348.709   23.0051     1.852    -5.206 
5348.726   23.0051     1.852    -4.494 
5348.726   23.0051     1.852    -5.206 
5348.726   23.0051     1.852    -5.421 
5348.732      62.0     1.667      0.25 
5348.746   23.0051     1.852    -4.358 
5348.746   23.0051     1.852    -5.421 
5348.770      26.0     5.060     -0.89 
5348.788      26.0     4.984     -1.39 
5348.873      25.0     4.432     -1.96 
5348.947      74.0     3.250     -0.27 
5349.050      25.0     4.824     -2.38 
5349.079      73.0     0.749     -2.22 
5349.084      27.0     4.146     -0.79 
5349.139      71.0     2.293     -0.26 
5349.153      27.0     3.407     -1.24 
5349.153      62.0     0.101     -1.57 
5349.160      22.0     3.688     -3.63 
5349.271      58.0     0.396     -1.03 
5349.302      45.0     3.606     -0.22 
5349.428      25.0     4.824     -3.11 
5349.465      20.0     2.707     -1.18 
5349.561      60.0     0.140     -0.96 
5349.562      73.0     1.594     -1.45 
5349.674       6.0     8.764     -3.27 
5349.699   21.0045     0.021    -3.364 
5349.702   21.0045     0.021    -3.364 
5349.702   21.0045     0.021    -3.540 
5349.705   21.0045     0.021    -3.200 
5349.705   21.0045     0.021    -3.665 
5349.705   21.0045     0.021    -3.790 
5349.709   21.0045     0.021    -3.192 
5349.709   21.0045     0.021    -3.226 
5349.709   21.0045     0.021    -4.218 
5349.714   21.0045     0.021    -2.943 
5349.714   21.0045     0.021    -3.353 
5349.720   21.0045     0.021    -2.727 
5349.738      26.0     4.383     -1.30 
5349.757      23.1     2.274     -2.79 
5349.766   23.0051     2.267    -5.576 
5349.771   23.0051     2.267    -5.291 
5349.771   23.0051     2.267    -5.546 
5349.780   23.0051     2.267    -5.103 
5349.780   23.0051     2.267    -5.546 
5349.780   23.0051     2.267    -5.597 
5349.795   23.0051     2.267    -5.012 
5349.795   23.0051     2.267    -5.158 
5349.795   23.0051     2.267    -5.722 
5349.815   23.0051     2.267    -4.903 
5349.815   23.0051     2.267    -4.990 
5349.815   23.0051     2.267    -5.944 
5349.839   23.0051     2.267    -4.705 
5349.839   23.0051     2.267    -5.044 
5349.839   23.0051     2.267    -6.354 
5349.847   23.0051     3.113    -4.152 
5349.848      30.0     5.791     -5.29 
5349.852   23.0051     3.113    -4.368 
5349.852   23.0051     3.113    -4.778 
5349.856   23.0051     3.113    -4.617 
5349.856   23.0051     3.113    -4.651 
5349.856   23.0051     3.113    -5.643 
5349.860   23.0051     3.113    -4.625 
5349.860   23.0051     3.113    -5.090 
5349.860   23.0051     3.113    -5.215 
5349.862   23.0051     3.113    -4.789 
5349.862   23.0051     3.113    -4.965 
5349.864   23.0051     3.113    -4.789 
5349.866      25.0     5.366      0.64 
5349.869   23.0051     2.267    -4.541 
5349.869   23.0051     2.267    -5.240 
5349.876      22.0     3.125     -2.93 
5349.903   23.0051     2.267    -4.400 
5349.913      92.1     0.548     -2.42 
5350.020      58.1     0.899     -2.36 
5350.043      23.0     3.222     -2.40 
5350.076   23.0051     1.944    -4.749 
5350.076   23.0051     1.944    -5.004 
5350.076   23.0051     1.944    -5.034 
5350.082   23.0051     1.944    -4.561 
5350.082   23.0051     1.944    -4.616 
5350.082   23.0051     1.944    -5.004 
5350.089      40.1     1.825     -1.24 
5350.091   23.0051     1.944    -4.361 
5350.091   23.0051     1.944    -4.470 
5350.091   23.0051     1.944    -5.055 
5350.103   23.0051     1.944    -4.163 
5350.103   23.0051     1.944    -4.448 
5350.103   23.0051     1.944    -5.180 
5350.117   23.0051     1.944    -3.999 
5350.117   23.0051     1.944    -4.502 
5350.117   23.0051     1.944    -5.402 
5350.135   23.0051     1.944    -3.858 
5350.135   23.0051     1.944    -4.698 
5350.135   23.0051     1.944    -5.812 
5350.149      25.0     4.265     -3.89 
5350.321      21.0     5.409     -2.96 
5350.341      23.1     6.641     -1.89 
5350.358      23.1     2.263     -2.48 
5350.370      20.0     5.295     -4.35 
5350.373      40.1     1.771     -1.28 
5350.377      64.0     1.547      0.55 
5350.407      63.0     2.223     -0.23 
5350.410      26.0     5.096     -2.48 
5350.421      74.0     3.642     -0.03 
5350.456      81.0     0.965     -0.04 
5350.476      68.0     0.889     -0.88 
5350.530      58.0     0.888     -0.18 
5350.605      62.0     0.387     -0.83 
5350.623      26.0     3.015     -4.51 
5350.681      20.0     4.621     -1.93 
5350.719      58.0     1.064     -0.40 
5350.722      41.0     0.267     -0.91 
5350.851      40.0     2.322     -0.59 
5350.861      20.0     5.296     -3.82 
5351.000      24.1     4.473     -4.27 
5351.068      22.0     2.776      0.01 
5351.127      90.0     1.935     -0.73 
5351.286      70.0     3.067     -0.59 