# 
4667.524      22.0     1.045     -2.95 
4667.585      22.0     0.021     -1.19 
4667.666      26.0     4.412     -3.97 
4667.714      25.0     4.662     -0.29 
4667.727      24.0     4.204     -3.04 
4667.755      28.0     3.703     -1.01 
4667.860      24.0     4.204     -3.62 
4668.062      26.0     3.684     -1.63 
4668.121      27.0     2.868     -4.20 
4668.134      26.0     3.263     -1.08 
4668.139      26.0     4.368     -3.03 
4668.172      90.0     0.929     -0.76 
4668.347      22.0     1.052     -2.15 
4668.459      74.0     1.915     -1.44 
4668.476      47.0     3.775     -1.21 
4668.540      20.0     5.014     -4.72 
4668.557      11.0     2.103     -2.25 
4668.559      11.0     2.103     -1.30 
4668.598      20.0     4.765     -3.99 
4668.619      28.0     4.232     -2.33 
4668.699      24.0     4.443     -1.72 
4668.731      24.0     3.373     -3.10 
4668.761   23.0051     2.121    -6.452 
4668.763      24.0     4.436     -2.16 
4668.763   23.0051     2.121    -6.189 
4668.763   23.0051     2.121    -6.385 
4668.767   23.0051     2.121    -5.985 
4668.767   23.0051     2.121    -6.189 
4668.767   23.0051     2.121    -7.084 
4668.773   23.0051     2.121    -5.815 
4668.773   23.0051     2.121    -6.084 
4668.773   23.0051     2.121    -6.929 
4668.781   23.0051     2.121    -5.669 
4668.781   23.0051     2.121    -6.037 
4668.781   23.0051     2.121    -6.929 
4668.785      24.0     4.407     -4.06 
4668.791   23.0051     2.121    -5.540 
4668.791   23.0051     2.121    -6.043 
4668.791   23.0051     2.121    -7.026 
4668.793      42.0     3.390     -1.40 
4668.803   23.0051     2.121    -5.424 
4668.803   23.0051     2.121    -6.116 
4668.803   23.0051     2.121    -7.230 
4668.817   23.0051     2.121    -5.319 
4668.817   23.0051     2.121    -6.327 
4668.817   23.0051     2.121    -7.628 
4668.893      57.1     1.781     -0.43 
4668.895      25.1     6.489     -3.82 
4668.982      77.0     1.995     -2.00 
4669.106      26.1     4.814     -4.59 
4669.131      44.0     1.837     -1.57 
4669.139      73.0     1.146     -1.51 
4669.144   23.0051     2.357    -2.881 
4669.151   23.0051     2.357    -2.881 
4669.151   23.0051     2.357    -3.057 
4669.161   23.0051     2.357    -2.717 
4669.161   23.0051     2.357    -3.182 
4669.161   23.0051     2.357    -3.307 
4669.171      26.0     3.651     -1.25 
4669.175   23.0051     2.357    -2.709 
4669.175   23.0051     2.357    -2.743 
4669.175   23.0051     2.357    -3.735 
4669.176      27.0     4.107     -4.56 
4669.192   23.0051     2.357    -2.460 
4669.192   23.0051     2.357    -2.870 
4669.213   23.0051     2.357    -2.244 
4669.230      22.0     1.738     -2.22 
4669.242      72.0     1.305     -1.95 
4669.297   23.0051     1.954    -5.374 
4669.297   23.0051     1.954    -5.570 
4669.302      23.0     0.069     -3.49 
4669.304   23.0051     1.954    -5.349 
4669.304   23.0051     1.954    -5.360 
4669.304   23.0051     1.954    -5.570 
4669.315   23.0051     1.954    -5.222 
4669.315   23.0051     1.954    -5.246 
4669.315   23.0051     1.954    -5.349 
4669.317      24.0     3.165     -0.47 
4669.330   23.0051     1.954    -5.055 
4669.330   23.0051     1.954    -5.203 
4669.330   23.0051     1.954    -5.246 
4669.349   23.0051     1.954    -4.886 
4669.349   23.0051     1.954    -5.203 
4669.349   23.0051     1.954    -5.214 
4669.371   23.0051     1.954    -4.727 
4669.371   23.0051     1.954    -5.214 
4669.371   23.0051     1.954    -5.291 
4669.390      62.1     0.104     -0.60 
4669.397   23.0051     1.954    -4.579 
4669.397   23.0051     1.954    -5.291 
4669.397   23.0051     1.954    -5.506 
4669.427   23.0051     1.954    -4.443 
4669.427   23.0051     1.954    -5.506 
4669.475      22.0     3.421     -3.59 
4669.498      58.1     1.419     -0.30 
4669.628      42.0     3.736     -1.24 
4669.640      62.1     0.277     -0.53 
4669.664      24.0     3.090     -2.47 
4669.728      23.1     6.681     -1.72 
4669.859      25.1     6.489     -4.42 
4669.863      41.0     1.368     -1.53 
4669.961      26.0     4.792     -3.69 
4669.975      44.0     0.927     -1.76 
4669.984      90.0     1.021     -0.93 
4670.091      24.0     4.437     -1.95 
4670.098      58.1     0.902     -1.18 
4670.139      20.0     5.041     -3.87 
4670.170      26.1     2.583     -4.10 
4670.247      25.1     6.489     -4.85 
4670.289      22.1     5.424     -4.81 
4670.339      24.0     4.444     -3.29 
4670.396      22.0     3.321     -3.95 
4670.400      24.1     5.867     -2.38 
4670.400   21.1045     1.356    -1.324 
4670.403   21.1045     1.356    -1.495 
4670.405   21.1045     1.356    -1.702 
4670.408   21.1045     1.356    -1.973 
4670.409   21.1045     1.356    -2.064 
4670.410   21.1045     1.356    -1.881 
4670.410   21.1045     1.356    -2.391 
4670.412   21.1045     1.356    -1.848 
4670.413   21.1045     1.356    -1.907 
4670.414   21.1045     1.356    -2.090 
4670.416   21.1045     1.356    -2.169 
4670.416   21.1045     1.356    -2.266 
4670.416   21.1045     1.356    -3.064 
4670.417   21.1045     1.356    -2.412 
4670.417   21.1045     1.356    -2.646 
4670.419      42.0     3.154     -1.52 
4670.470      23.0     2.682     -5.67 
4670.482      23.0     1.080     -0.83 
4670.560      60.1     0.064     -1.28 
4670.609      23.0     2.573     -2.82 
4670.616   23.0051     1.217    -6.898 
4670.616   23.0051     1.217    -7.153 
4670.617   23.0051     1.217    -6.699 
4670.617   23.0051     1.217    -6.898 
4670.617   23.0051     1.217    -8.806 
4670.620   23.0051     1.217    -6.635 
4670.620   23.0051     1.217    -6.699 
4670.620   23.0051     1.217    -7.563 
4670.623   23.0051     1.217    -6.635 
4670.623   23.0051     1.217    -6.666 
4670.623   23.0051     1.217    -6.846 
4670.627      58.1     1.041     -1.75 
4670.627   23.0051     1.217    -6.440 
4670.627   23.0051     1.217    -6.666 
4670.627   23.0051     1.217    -6.847 
4670.632   23.0051     1.217    -6.148 
4670.632   23.0051     1.217    -6.847 
4670.640      25.0     4.682     -2.94 
4670.664   23.0051     1.954    -4.977 
4670.664   23.0051     1.954    -5.044 
4670.664   23.0051     1.954    -5.676 
4670.672   23.0051     1.954    -4.781 
4670.672   23.0051     1.954    -4.781 
4670.672   23.0051     1.954    -5.521 
4670.683   23.0051     1.954    -4.577 
4670.683   23.0051     1.954    -4.676 
4670.683   23.0051     1.954    -5.521 
4670.690      62.1     0.543     -1.59 
4670.698   23.0051     1.954    -4.407 
4670.698   23.0051     1.954    -4.629 
4670.698   23.0051     1.954    -5.618 
4670.717   23.0051     1.954    -4.261 
4670.717   23.0051     1.954    -4.635 
4670.717   23.0051     1.954    -5.822 
4670.725      58.1     0.674     -1.00 
4670.737      26.0     3.544     -9.60 
4670.739   23.0051     1.954    -4.132 
4670.739   23.0051     1.954    -4.708 
4670.739   23.0051     1.954    -6.220 
4670.743      23.1     1.678     -4.30 
4670.749      25.0     4.682     -2.73 
4670.756      62.0     0.185     -0.04 
4670.765   23.0051     1.954    -4.016 
4670.765   23.0051     1.954    -4.919 
4670.795   23.0051     1.954    -3.911 
4670.826      62.0     0.185     -0.04 
4670.882      20.0     5.927     -1.89 
4670.896      58.0     0.410     -0.34 
4670.904      27.0     2.868     -3.45 
4671.037      27.0     4.237     -3.45 
4671.084      60.0     0.140     -0.54 
4671.212      25.1     6.489     -4.29 
4671.293      22.0     2.115     -4.00 
4671.354      24.1     5.658     -2.01 
4671.395      58.1     0.896     -1.53 
4671.397      92.1     0.568     -1.57 
4671.649   25.0055     2.886    -2.235 
4671.657   25.0055     2.886    -3.153 
4671.663   25.0055     2.886    -4.371 
4671.667   25.0055     2.886    -2.375 
4671.673   25.0055     2.886    -2.977 
4671.678   25.0055     2.886    -4.019 
4671.681   25.0055     2.886    -2.533 
4671.686   25.0055     2.886    -2.951 
4671.689   25.0055     2.886    -3.893 
4671.692   25.0055     2.886    -2.717 
4671.696   25.0055     2.886    -3.018 
4671.698   25.0055     2.886    -3.973 
4671.700   25.0055     2.886    -2.939 
4671.702   25.0055     2.886    -3.194 
4671.704   25.0055     2.886    -3.224 
4671.708   23.0051     1.868    -3.173 
4671.708   23.0051     1.868    -3.650 
4671.750   23.0051     1.868    -3.173 
4671.750   23.0051     1.868    -3.319 
4671.803      57.1     1.954     -0.47 
4671.895      42.0     2.644     -0.74 
4671.980      21.1     4.832     -2.70 
4671.989      69.1     3.253     -0.02 
4671.996      26.0     4.140     -3.13 
4672.001      20.0     2.930     -2.59 
4672.051      26.0     4.792     -3.03 
4672.087      59.1     0.216     -0.63 
4672.094      41.0     0.348     -0.54 
4672.146      20.0     4.765     -4.66 
4672.159      25.1     6.490     -3.37 
4672.295      20.0     2.930     -5.30 
4672.386      25.0     4.422     -3.44 
4672.742      24.0     4.141     -0.71 
4672.794      20.0     5.041     -4.43 
4672.830      26.0     1.607     -4.24 
4672.887      27.0     4.146     -3.39 
4672.896      26.0     4.730     -4.36 
4672.931      24.0     4.452     -2.38 
4673.029      42.0     2.274     -2.44 
4673.078      26.0     2.690     -5.18 
4673.128      24.0     4.189     -0.50 
4673.158      68.0     0.000     -0.96 
4673.164      26.0     3.651     -0.98 
4673.211      26.0     4.431     -2.76 
4673.271      26.0     3.651     -1.25 
4673.432      22.0     2.343     -2.11 