# 
5084.463      58.0     0.889     -0.39 
5084.502      24.0     5.207     -4.18 
5084.506      28.0     4.534     -0.69 
5084.543      23.1     6.674     -3.60 
5084.544      26.0     3.692     -2.55 
5084.668      42.0     3.357     -1.67 
5085.051      24.0     4.437     -2.99 
5085.088      22.0     2.493     -1.93 
5085.093      69.0     2.447     -0.09 
5085.138      22.0     3.405     -3.37 
5085.210   23.0051     1.194    -6.681 
5085.210   23.0051     1.194    -6.681 
5085.210   23.0051     1.194    -6.982 
5085.215   23.0051     1.194    -6.517 
5085.215   23.0051     1.194    -6.543 
5085.215   23.0051     1.194    -6.857 
5085.216      58.1     1.013     -2.10 
5085.221   23.0051     1.194    -6.260 
5085.221   23.0051     1.194    -6.509 
5085.221   23.0051     1.194    -7.107 
5085.227      24.0     4.096     -3.39 
5085.228      40.0     1.832     -0.47 
5085.229   23.0051     1.194    -6.044 
5085.229   23.0051     1.194    -6.670 
5085.229   23.0051     1.194    -7.535 
5085.289      26.0     2.947     -4.63 
5085.330      28.0     3.676     -1.66 
5085.335      22.0     1.429     -1.54 
5085.391      23.1     2.520     -8.94 
5085.463      22.0     3.152     -2.92 
5085.474      28.0     3.655     -1.48 
5085.495      25.0     3.761     -4.02 
5085.524   21.0045     1.432    -1.146 
5085.524   21.0045     1.432    -1.401 
5085.527   21.0045     1.432    -0.947 
5085.527   21.0045     1.432    -1.146 
5085.527   21.0045     1.432    -3.054 
5085.531   21.0045     1.432    -0.883 
5085.531   21.0045     1.432    -0.947 
5085.531   21.0045     1.432    -1.811 
5085.534   23.0051     1.182    -5.572 
5085.534   23.0051     1.182    -5.893 
5085.534   23.0051     1.182    -6.370 
5085.536   21.0045     1.432    -0.883 
5085.536   21.0045     1.432    -0.914 
5085.536   21.0045     1.432    -1.094 
5085.543   21.0045     1.432    -0.688 
5085.543   21.0045     1.432    -0.914 
5085.543   21.0045     1.432    -1.095 
5085.546   23.0051     1.182    -5.893 
5085.546   23.0051     1.182    -5.914 
5085.546   23.0051     1.182    -6.039 
5085.551   21.0045     1.432    -0.396 
5085.551   21.0045     1.432    -1.095 
5085.586      24.0     4.528     -3.62 
5085.658      24.1     5.867     -2.24 
5085.676      26.0     4.175     -2.61 
5085.712      27.0     0.629     -4.34 
5085.824      48.0     3.943     -0.23 
5085.838      26.0     3.881     -4.04 
5085.848      92.1     0.113     -2.58 
5085.933      26.0     3.940     -3.15 
5085.963      27.0     4.022     -2.73 
5086.025   23.0051     2.136    -5.860 
5086.025   23.0051     2.136    -6.312 
5086.025   23.0051     2.136    -7.312 
5086.037   23.0051     2.136    -5.742 
5086.037   23.0051     2.136    -6.101 
5086.037   23.0051     2.136    -7.105 
5086.053   23.0051     2.136    -5.624 
5086.053   23.0051     2.136    -6.005 
5086.053   23.0051     2.136    -7.077 
5086.073   23.0051     2.136    -5.512 
5086.073   23.0051     2.136    -5.969 
5086.073   23.0051     2.136    -7.157 
5086.097   23.0051     2.136    -5.408 
5086.097   23.0051     2.136    -5.985 
5086.097   23.0051     2.136    -7.349 
5086.125   23.0051     2.136    -5.312 
5086.125   23.0051     2.136    -6.067 
5086.125   23.0051     2.136    -7.738 
5086.157   23.0051     2.136    -5.222 
5086.157   23.0051     2.136    -6.285 
5086.186      24.0     3.373     -3.82 
5086.193   23.0051     2.136    -5.138 
5086.231      26.0     3.940     -4.24 
5086.251      26.0     4.984     -1.52 
5086.267   23.0051     1.948    -4.704 
5086.271   23.0051     1.948    -4.424 
5086.271   23.0051     1.948    -4.704 
5086.271   23.0051     1.948    -5.725 
5086.279   23.0051     1.948    -4.286 
5086.279   23.0051     1.948    -4.424 
5086.279   23.0051     1.948    -5.026 
5086.291   23.0051     1.948    -4.220 
5086.291   23.0051     1.948    -4.286 
5086.291   23.0051     1.948    -4.579 
5086.306   23.0051     1.948    -4.213 
5086.306   23.0051     1.948    -4.220 
5086.306   23.0051     1.948    -4.248 
5086.325   23.0051     1.948    -3.985 
5086.325   23.0051     1.948    -4.213 
5086.325   23.0051     1.948    -4.278 
5086.348   23.0051     1.948    -3.766 
5086.348   23.0051     1.948    -4.278 
5086.348   23.0051     1.948    -4.482 
5086.375   23.0051     1.948    -3.579 
5086.375   23.0051     1.948    -4.482 
5086.522      22.0     3.152     -4.04 
5086.533      23.0     3.071     -3.28 
5086.603      26.0     3.412     -3.79 
5086.743      26.0     4.151     -2.40 
5086.803   23.0051     1.929    -3.085 
5086.803   23.0051     1.929    -3.340 
5086.815   23.0051     1.929    -2.886 
5086.815   23.0051     1.929    -3.085 
5086.815   23.0051     1.929    -4.993 
5086.825   25.0055     3.376    -2.021 
5086.829   25.0055     3.376    -2.233 
5086.829   25.0055     3.376    -2.710 
5086.830      23.0     1.798     -2.54 
5086.832   23.0051     1.929    -2.822 
5086.832   23.0051     1.929    -2.886 
5086.832   23.0051     1.929    -3.750 
5086.832   25.0055     3.376    -2.506 
5086.832   25.0055     3.376    -2.564 
5086.832   25.0055     3.376    -3.664 
5086.835      22.0     2.235     -3.38 
5086.835   25.0055     3.376    -2.585 
5086.835   25.0055     3.376    -2.916 
5086.835   25.0055     3.376    -3.284 
5086.836   25.0055     3.376    -2.740 
5086.836   25.0055     3.376    -3.108 
5086.837   25.0055     3.376    -3.062 
5086.856   23.0051     1.929    -2.822 
5086.856   23.0051     1.929    -2.853 
5086.856   23.0051     1.929    -3.033 
5086.883      24.0     4.156     -2.90 
5086.885   23.0051     1.929    -2.627 
5086.885   23.0051     1.929    -2.853 
5086.885   23.0051     1.929    -3.034 
5086.920   23.0051     1.929    -2.335 
5086.920   23.0051     1.929    -3.034 
5086.932   21.0045     1.427    -0.466 
5086.932   21.0045     1.427    -0.877 
5086.939   21.0045     1.427    -0.763 
5086.939   21.0045     1.427    -0.877 
5086.939   21.0045     1.427    -1.082 
5086.944   21.0045     1.427    -0.763 
5086.944   21.0045     1.427    -0.888 
5086.948   21.0045     1.427    -0.888 
5086.948   21.0045     1.427    -1.064 
5086.988      26.1     3.384     -5.87 
5087.030      24.0     3.320     -2.66 
5087.047   23.0051     0.286    -6.916 
5087.051   23.0051     0.286    -6.636 
5087.051   23.0051     0.286    -6.916 
5087.051   23.0051     0.286    -7.937 
5087.057   23.0051     0.286    -6.498 
5087.057   23.0051     0.286    -6.636 
5087.057   23.0051     0.286    -7.238 
5087.058      22.0     1.429     -0.88 
5087.061      26.0     4.291     -2.21 
5087.067   23.0051     0.286    -6.432 
5087.067   23.0051     0.286    -6.498 
5087.067   23.0051     0.286    -6.791 
5087.070      62.1     0.248     -2.10 
5087.080   23.0051     0.286    -6.425 
5087.080   23.0051     0.286    -6.432 
5087.080   23.0051     0.286    -6.460 
5087.097   23.0051     0.286    -6.197 
5087.097   23.0051     0.286    -6.425 
5087.097   23.0051     0.286    -6.490 
5087.107      59.0     0.353      0.40 
5087.117   23.0051     0.286    -5.978 
5087.117   23.0051     0.286    -6.490 
5087.117   23.0051     0.286    -6.694 
5087.140   23.0051     0.286    -5.791 
5087.140   23.0051     0.286    -6.694 
5087.171      22.0     1.738     -4.74 
5087.171      24.0     3.553     -2.00 
5087.222      26.1     7.697     -2.20 
5087.234      24.0     4.529     -3.71 
5087.254      24.0     4.398     -4.07 
5087.280      24.0     3.548     -2.82 
5087.371      73.0     1.393     -1.71 
5087.420      39.1     1.083     -0.17 
5087.583      24.0     5.270     -2.37 
5087.622      62.1     1.412     -1.52 
5087.764      42.0     3.396     -1.91 
5087.841   23.0051     2.121    -6.234 
5087.843   23.0051     2.121    -5.949 
5087.843   23.0051     2.121    -6.204 
5087.848   23.0051     2.121    -5.761 
5087.848   23.0051     2.121    -6.204 
5087.848   23.0051     2.121    -6.255 
5087.853      27.0     4.022     -0.85 
5087.855   23.0051     2.121    -5.670 
5087.855   23.0051     2.121    -5.816 
5087.855   23.0051     2.121    -6.380 
5087.865   23.0051     2.121    -5.561 
5087.865   23.0051     2.121    -5.648 
5087.865   23.0051     2.121    -6.602 
5087.877   23.0051     2.121    -5.363 
5087.877   23.0051     2.121    -5.702 
5087.877   23.0051     2.121    -7.012 
5087.891      24.0     3.553     -2.35 
5087.891   23.0051     2.121    -5.199 
5087.891   23.0051     2.121    -5.898 
5087.897      20.0     5.295     -6.34 
5087.908   23.0051     2.121    -5.058 
5088.083      21.0     4.690     -2.73 
5088.091      23.0     2.576     -3.90 
5088.153      26.0     4.151     -1.78 
5088.202      39.0     2.357     -0.62 
5088.286      92.0     0.000     -2.02 
5088.319      62.0     0.101     -1.21 
5088.341      20.0     5.296     -6.54 
5088.488      24.0     3.320     -3.35 
5088.507   23.0051     2.121    -4.991 
5088.509   23.0051     2.121    -4.706 
5088.509   23.0051     2.121    -4.961 
5088.514   23.0051     2.121    -4.518 
5088.514   23.0051     2.121    -4.961 
5088.514   23.0051     2.121    -5.012 
5088.521   23.0051     2.121    -4.427 
5088.521   23.0051     2.121    -4.573 
5088.521   23.0051     2.121    -5.137 
5088.531   23.0051     2.121    -4.318 
5088.531   23.0051     2.121    -4.405 
5088.531   23.0051     2.121    -5.359 
5088.532      28.0     3.844     -0.98 
5088.542   23.0051     2.121    -4.120 
5088.542   23.0051     2.121    -4.459 
5088.542   23.0051     2.121    -5.769 
5088.557   23.0051     2.121    -3.956 
5088.557   23.0051     2.121    -4.655 
5088.573   23.0051     2.121    -3.815 
5088.715      25.0     3.769     -6.08 
5088.715   23.0051     2.113    -3.972 
5088.715   23.0051     2.113    -4.264 
5088.715   23.0051     2.113    -4.459 
5088.715   23.0051     2.113    -4.459 
5088.715   23.0051     2.113    -4.490 
5088.715   23.0051     2.113    -4.490 
5088.715   23.0051     2.113    -4.523 
5088.715   23.0051     2.113    -4.523 
5088.715   23.0051     2.113    -4.670 
5088.715   23.0051     2.113    -4.671 
5088.715   23.0051     2.113    -4.671 
5088.715   23.0051     2.113    -4.722 
5088.715   23.0051     2.113    -4.722 
5088.715   23.0051     2.113    -4.977 
5088.715   23.0051     2.113    -5.387 
5088.715   23.0051     2.113    -6.630 
5088.749      24.0     3.842     -3.16 
5088.953      28.0     3.676     -1.34 
5088.964      62.1     1.585     -1.47 
5088.969      23.0     2.503     -4.41 
5089.057      27.0     3.250     -4.88 
5089.169      23.0     2.636     -0.47 
5089.169      27.0     2.868     -5.09 
5089.231      24.0     4.436     -2.32 
5089.365      23.0     1.871     -6.00 
5089.487      58.1     1.078     -1.90 
5089.540      20.0     5.317     -1.84 
5089.617      58.0     0.849     -0.16 
5089.637       6.0     8.531     -3.95 
5089.643      25.0     4.657     -2.85 
5089.758      20.0     5.177     -1.38 
5089.832      60.1     0.204     -1.16 
5089.886      23.0     3.242     -3.23 
5089.973   23.0051     2.129    -5.385 
5089.973   23.0051     2.129    -5.452 
5089.973   23.0051     2.129    -6.084 
5089.980   23.0051     2.129    -5.189 
5089.980   23.0051     2.129    -5.189 
5089.980   23.0051     2.129    -5.929 
5089.990   23.0051     2.129    -4.985 
5089.990   23.0051     2.129    -5.084 
5089.990   23.0051     2.129    -5.929 
5090.004   23.0051     2.129    -4.815 
5090.004   23.0051     2.129    -5.037 
5090.004   23.0051     2.129    -6.026 
5090.021   23.0051     2.129    -4.669 
5090.021   23.0051     2.129    -5.043 
5090.021   23.0051     2.129    -6.230 
5090.042   23.0051     2.129    -4.540 
5090.042   23.0051     2.129    -5.116 
5090.042   23.0051     2.129    -6.628 
5090.066   23.0051     2.129    -4.424 
5090.066   23.0051     2.129    -5.327 
5090.093   23.0051     2.129    -4.319 
5090.131      22.0     2.425     -6.48 
5090.249      23.1     6.291     -2.11 
5090.285      23.1     4.241     -5.92 
5090.342      24.1     5.869     -3.10 
5090.386      66.1     0.103     -2.33 