# 
4897.179      27.0     3.927     -0.76 
4897.258      42.0     3.154     -1.12 
4897.265      20.0     6.009     -4.81 
4897.378      23.1     5.863     -4.09 
4897.428      24.0     3.373     -2.61 
4897.440      24.0     2.706     -3.92 
4897.506      24.0     2.542     -5.58 
4897.560      23.1     3.800     -3.40 
4897.709      24.0     5.488     -2.31 
4897.716      22.1     5.563     -3.30 
4897.827      25.0     3.376     -4.12 
4897.867      28.0     4.232     -2.56 
4897.877      25.1     6.172     -5.55 
4897.959      58.1     0.863     -1.90 
4898.088      27.1     3.418     -5.17 
4898.146      68.0     1.869      0.44 
4898.180      22.0     0.899     -5.33 
4898.202      58.0     0.410     -0.55 
4898.379      25.0     5.345     -0.92 
4898.460      90.1     2.202     -0.91 
4898.461      24.0     3.085     -3.49 
4898.462      24.0     5.500      0.08 
4898.542      24.0     3.373     -2.85 
4898.551      23.1     6.840     -2.29 
4898.637      24.0     4.532     -4.38 
4898.640       6.0     7.482     -4.11 
4898.794      22.0     3.059     -2.36 
4898.804      90.1     2.140     -1.33 
4898.935      25.0     3.768     -4.66 
4898.952      24.0     5.176     -3.82 
4898.976      24.0     3.373     -4.29 
4899.094      24.0     5.235     -1.55 
4899.126      24.0     2.707     -4.36 
4899.231      76.0     3.510     -0.27 
4899.250      44.0     1.418     -1.65 
4899.285      92.1     0.113     -2.13 
4899.461   27.0059     2.041    -2.947 
4899.477   27.0059     2.041    -2.536 
4899.499   27.0059     2.041    -2.833 
4899.500      25.0     4.824     -4.04 
4899.500      25.0     5.334     -2.36 
4899.512   27.0059     2.041    -3.152 
4899.527   27.0059     2.041    -2.947 
4899.530   27.0059     2.041    -2.958 
4899.540   27.0059     2.041    -8.930 
4899.552   27.0059     2.041    -2.833 
4899.560   27.0059     2.041    -3.134 
4899.570   27.0059     2.041    -2.958 
4899.577      42.0     2.553     -1.92 
4899.607      22.0     2.486     -1.66 
4899.773      22.0     3.421     -2.68 
4899.896      26.1     2.690     -7.29 
4899.909      22.0     1.878      0.31 
4899.910      57.1     0.000     -0.73 
4899.929      56.1     2.720     -0.08 
4899.936   23.0051     2.136    -3.392 
4899.936   23.0051     2.136    -3.844 
4899.936   23.0051     2.136    -4.844 
4899.947   23.0051     2.136    -3.274 
4899.947   23.0051     2.136    -3.633 
4899.947   23.0051     2.136    -4.637 
4899.962   23.0051     2.136    -3.156 
4899.962   23.0051     2.136    -3.537 
4899.962   23.0051     2.136    -4.609 
4899.963   23.0051     2.113    -3.105 
4899.963   23.0051     2.113    -3.321 
4899.963   23.0051     2.113    -3.570 
4899.963   23.0051     2.113    -3.578 
4899.963   23.0051     2.113    -3.604 
4899.963   23.0051     2.113    -3.731 
4899.963   23.0051     2.113    -3.742 
4899.963   23.0051     2.113    -3.742 
4899.963   23.0051     2.113    -3.918 
4899.963   23.0051     2.113    -4.043 
4899.963   23.0051     2.113    -4.168 
4899.963   23.0051     2.113    -4.596 
4899.981   23.0051     2.136    -3.044 
4899.981   23.0051     2.136    -3.501 
4899.981   23.0051     2.136    -4.689 
4900.003   23.0051     2.136    -2.940 
4900.003   23.0051     2.136    -3.517 
4900.003   23.0051     2.136    -4.881 
4900.021      22.0     2.660     -1.11 
4900.023      24.0     4.436     -4.27 
4900.029   23.0051     2.136    -2.844 
4900.029   23.0051     2.136    -3.599 
4900.029   23.0051     2.136    -5.270 
4900.059   23.0051     2.136    -2.754 
4900.059   23.0051     2.136    -3.817 
4900.080      68.1     1.588     -0.28 
4900.084      39.0     1.397     -0.36 
4900.092   23.0051     2.136    -2.670 
4900.110      39.1     1.032     -0.09 
4900.405      23.1     4.002     -1.93 
4900.420      24.0     3.382     -2.40 
4900.427      27.0     1.709     -5.26 
4900.501      23.0     2.721     -6.19 
4900.555      24.0     3.382     -2.74 
4900.571      26.0     4.470     -4.21 
4900.584      22.0     2.675     -1.06 
4900.626      23.0     2.614      0.20 
4900.660      25.0     4.723     -2.10 
4900.669      27.0     4.022     -1.28 
4900.696      22.1     5.564     -2.60 
4900.699      24.0     4.200     -1.04 
4900.720      25.0     4.675     -1.21 
4900.730      62.1     0.997     -1.30 
4900.782      41.0     1.499     -1.16 
4900.822      26.0     4.792     -2.71 
4900.825      22.0     2.248     -1.80 
4900.847      63.0     1.743     -0.31 
4900.882      22.0     3.152     -2.11 
4900.951      24.0     5.115     -1.50 
4900.971      28.0     3.477     -1.67 
4901.002      22.0     2.660     -0.89 
4901.282      24.0     2.706     -4.30 
4901.396      58.1     0.529     -1.71 
4901.408   23.0051     2.357    -5.271 
4901.408   23.0051     2.357    -5.526 
4901.415   23.0051     2.357    -5.072 
4901.415   23.0051     2.357    -5.271 
4901.415   23.0051     2.357    -7.179 
4901.427   23.0051     2.357    -5.008 
4901.427   23.0051     2.357    -5.072 
4901.427   23.0051     2.357    -5.936 
4901.442   23.0051     2.357    -5.008 
4901.442   23.0051     2.357    -5.039 
4901.442   23.0051     2.357    -5.219 
4901.461   23.0051     2.357    -4.813 
4901.461   23.0051     2.357    -5.039 
4901.461   23.0051     2.357    -5.220 
4901.470      59.1     0.967     -0.81 
4901.483   23.0051     2.357    -4.521 
4901.483   23.0051     2.357    -5.220 
4901.533      60.0     0.456      0.27 
4901.571      20.0     5.581     -5.58 
4901.594      25.0     5.334     -2.52 
4901.623      24.1     6.482     -0.83 
4901.667      58.0     0.028     -1.03 
4901.688      24.0     4.446     -3.70 
4901.719      27.0     3.927     -1.78 
4901.784      20.0     5.014     -3.51 
4901.832      60.0     0.293      0.35 
4901.861      57.0     0.130     -1.46 
4901.895      20.0     5.581     -4.42 
4901.926      62.1     1.165     -1.80 
4902.040      60.1     0.064     -1.34 
4902.096      42.0     3.435     -1.98 
4902.166      26.0     3.298     -4.70 
4902.233      26.0     4.555     -1.32 
4902.243      25.0     4.191     -1.77 
4902.249      24.0     5.213     -3.77 
4902.291      25.0     3.769     -4.80 
4902.311      74.0     2.385     -1.16 
4902.440      25.0     4.682     -3.09 
4902.440      25.0     4.682     -3.98 
4902.513      23.0     2.914     -3.93 
4902.527      27.0     4.022     -2.00 
4902.689      24.0     3.077     -3.43 
4902.712      24.0     2.998     -3.60 
4902.750      59.1     0.204     -1.38 
4902.806      23.0     2.614     -2.16 
4902.849      56.0     1.674     -0.82 
4902.885      23.1     1.803     -5.13 
4902.892      24.0     3.548     -2.20 
4902.955      74.0     2.386     -1.43 
4902.970      24.0     2.707     -5.49 
4903.014      22.0     2.238     -2.33 
4903.061      44.0     1.320     -0.94 
4903.082      24.0     3.008     -3.86 
4903.097      26.0     3.299     -5.51 