# 
5202.700      62.1     0.333     -2.23 
5202.714      22.0     3.106     -2.82 
5202.743      24.1     4.407     -5.30 
5202.927      23.1     2.599     -2.97 
5203.112      22.0     2.248     -1.84 
5203.217      41.0     1.079     -1.47 
5203.238      27.0     3.168     -3.74 
5203.238      76.0     1.410     -2.50 
5203.244      74.0     2.420     -1.07 
5203.258      42.0     2.621     -2.34 
5203.270      58.0     0.294     -0.54 
5203.282      23.0     2.614     -5.82 
5203.325      45.0     1.997     -2.39 
5203.394      22.0     3.291     -3.72 
5203.601      23.0     2.576     -4.10 
5203.690      26.0     3.881     -3.27 
5203.726      23.0     3.812     -3.15 
5203.787      22.0     2.470     -3.83 
5203.788      28.0     5.280     -1.16 
5203.933      42.0     3.165     -1.33 
5203.943      23.0     2.576     -2.72 
5203.964      22.0     3.556     -2.47 
5203.970      23.0     3.908     -4.38 
5204.010      22.0     3.580     -2.50 
5204.130      57.1     2.302     -0.28 
5204.265      58.0     0.547     -0.29 
5204.313      92.1     0.778     -1.84 
5204.373      60.0     0.000     -0.77 
5204.498      24.0     0.941     -0.19 
5204.503      74.0     2.531     -0.86 
5204.512      69.1     3.419     -0.38 
5204.552      42.0     3.357     -1.87 
5204.583      26.0     0.087     -4.32 
5204.593      23.0     3.296     -1.38 
5204.629      22.0     2.479     -3.38 
5204.694      26.0     2.947     -4.45 
5204.699      24.0     3.102     -5.59 
5204.717      58.0     0.493     -0.54 
5204.947      26.0     2.988     -4.36 
5204.985   23.0051     1.892    -3.586 
5205.007   23.0051     1.892    -3.565 
5205.007   23.0051     1.892    -4.042 
5205.008      39.0     1.852     -1.87 
5205.036   23.0051     1.892    -3.565 
5205.036   23.0051     1.892    -3.711 
5205.073   23.0051     1.892    -3.244 
5205.127      41.0     1.156     -2.07 
5205.134      58.0     0.410     -0.62 
5205.203      26.0     4.987     -1.84 
5205.204      42.0     3.393     -1.71 
5205.259      22.0     3.567     -2.42 
5205.290      26.0     4.257     -2.72 
5205.362      26.0     3.299     -4.47 
5205.413      26.0     4.909     -2.18 
5205.498      58.1     1.246     -1.10 
5205.663      66.0     2.502      0.13 
5205.731      39.1     1.032     -0.34 
5205.747      25.0     5.380     -3.73 
5205.777      24.0     3.847     -4.22 
5205.779      90.1     1.902     -1.37 
5205.888      22.0     3.437     -3.97 
5205.953      26.0     3.249     -3.77 
5206.023      24.0     0.941      0.02 
5206.088      22.0     2.486     -0.28 
5206.136      42.0     2.985     -2.14 
5206.187      74.0     2.456     -0.93 
5206.195      24.0     2.706     -1.28 
5206.332      26.0     5.066     -3.51 
5206.337      22.0     2.015     -5.53 
5206.340      24.0     5.284     -1.69 
5206.409      25.0     4.824     -3.26 
5206.425      25.1     5.373     -8.66 
5206.428      63.0     2.058      0.24 
5206.458      24.0     3.842     -2.53 
5206.474      22.0     3.548     -2.72 
5206.490      71.0     0.247     -2.30 
5206.496      90.1     0.770     -2.09 
5206.519      68.0     0.000     -1.41 
5206.534   23.0051     2.267    -4.626 
5206.538   23.0051     2.267    -4.341 
5206.538   23.0051     2.267    -4.596 
5206.541      24.0     3.432     -1.25 
5206.548   23.0051     2.267    -4.153 
5206.548   23.0051     2.267    -4.596 
5206.548   23.0051     2.267    -4.647 
5206.550      59.1     0.949     -0.05 
5206.553      27.1     3.418     -4.55 
5206.562   23.0051     2.267    -4.062 
5206.562   23.0051     2.267    -4.208 
5206.562   23.0051     2.267    -4.772 
5206.567   23.0051     2.252    -1.731 
5206.573   23.0051     2.252    -1.710 
5206.573   23.0051     2.252    -2.187 
5206.580   23.0051     2.252    -1.710 
5206.580   23.0051     2.252    -1.856 
5206.580   23.0051     2.267    -3.953 
5206.580   23.0051     2.267    -4.040 
5206.580   23.0051     2.267    -4.994 
5206.590   23.0051     2.252    -1.389 
5206.593      23.0     3.275     -3.14 
5206.597      26.0     4.291     -3.27 
5206.603   23.0051     2.267    -3.755 
5206.603   23.0051     2.267    -4.094 
5206.603   23.0051     2.267    -5.404 
5206.631   23.0051     2.267    -3.591 
5206.631   23.0051     2.267    -4.290 
5206.663      90.1     1.322     -1.55 
5206.664   23.0051     2.267    -3.450 
5206.712      15.0     6.949     -3.50 
5206.806      26.0     4.280     -2.53 
5207.058      26.0     4.962     -4.01 
5207.160      23.0     3.054     -3.80 
5207.190      22.0     1.979     -5.48 
5207.201      22.0     0.818     -4.05 
5207.217      24.0     5.667     -0.69 
5207.379      24.0     3.553     -2.34 
5207.398      22.0     3.675     -3.31 
5207.645      26.0     5.082     -3.52 
5207.661      23.0     2.357     -1.12 
5207.819   59.1141     0.795    -4.493 
5207.823   59.1141     0.795    -4.184 
5207.826   59.1141     0.795    -4.122 
5207.830   59.1141     0.795    -4.305 
5207.850      22.0     2.083     -1.10 
5207.857   59.1141     0.795    -2.731 
5207.858   59.1141     0.795    -2.533 
5207.859   59.1141     0.795    -2.482 
5207.861   59.1141     0.795    -2.529 
5207.863   59.1141     0.795    -2.727 
5207.879   59.1141     0.795    -1.640 
5207.885   59.1141     0.795    -1.572 
5207.891   59.1141     0.795    -1.503 
5207.898   59.1141     0.795    -1.435 
5207.904   59.1141     0.795    -1.369 
5207.911      22.0     3.102     -1.66 
5207.911   59.1141     0.795    -1.304 
5207.938      26.0     3.632     -2.45 
5207.982      20.0     5.870     -3.71 
5207.985      24.0     3.119     -4.00 
5208.063      26.0     3.684     -7.10 
5208.100      24.0     2.707     -1.77 
5208.108      58.1     1.338     -1.99 
5208.134      24.0     3.553     -2.62 
5208.237      24.1     3.736     -9.48 
5208.249      22.0     3.397     -3.25 
5208.359      23.0     2.573     -6.21 
5208.409      24.0     0.941      0.17 
5208.430      23.0     3.284     -3.04 
5208.527      24.1     5.666     -5.20 
5208.579      26.0     3.926     -3.81 
5208.594      26.0     3.239     -0.89 
5208.614      24.0     3.110     -3.88 