# 
4845.113      20.0     4.440     -5.96 
4845.124      23.0     2.676     -4.22 
4845.132      22.0     2.235     -3.28 
4845.166      28.0     3.696     -2.30 
4845.168      42.0     3.440     -0.90 
4845.171      26.0     4.603     -3.79 
4845.174      41.0     1.549     -1.20 
4845.330      28.0     3.536     -2.40 
4845.376      77.0     1.466     -2.68 
4845.381      22.0     0.899     -4.25 
4845.451      23.0     3.111     -3.10 
4845.532      58.0     0.000     -0.54 
4845.614      26.0     2.947     -6.66 
4845.647      26.0     3.632     -2.13 
4845.655      26.0     3.265     -2.69 
4845.666      39.0     1.397      0.28 
4846.001      26.0     4.140     -3.13 
4846.279      24.0     3.553     -1.60 
4846.304      24.0     3.446     -1.25 
4846.335      22.0     2.693     -0.63 
4846.350      24.0     4.529     -4.33 
4846.360      40.0     0.632     -2.25 
4846.381      25.1     6.181     -3.04 
4846.408      24.0     4.236     -1.10 
4846.426      73.0     3.098      0.02 
4846.432      24.0     3.110     -1.20 
4846.434      24.0     5.071     -1.57 
4846.480      26.1     2.702     -5.08 
4846.496      23.0     2.027     -4.75 
4846.591      58.1     0.957     -1.11 
4846.596      42.0     3.199     -1.95 
4846.609      23.0     1.710     -2.22 
4846.831      22.0     2.675     -1.95 
4846.921      20.0     5.045     -2.52 
4847.008      24.0     5.107     -2.64 
4847.020      20.0     6.024     -3.03 
4847.035      24.0     3.090     -3.71 
4847.048      24.0     5.130     -4.07 
4847.060      25.1     6.806     -4.86 
4847.080      62.1     1.515     -1.54 
4847.090      26.0     2.174     -7.50 
4847.188      24.0     3.102     -1.95 
4847.198      26.0     4.577     -4.31 
4847.208      56.1     6.119     -1.54 
4847.243      42.0     3.441     -1.55 
4847.298      22.0     2.290     -1.90 
4847.304   23.0051     1.063    -5.111 
4847.307      24.1     5.666     -7.70 
4847.311      20.0     2.930     -2.44 
4847.311   23.0051     1.063    -5.327 
4847.311   23.0051     1.063    -5.737 
4847.314      22.0     2.295     -1.75 
4847.317   23.0051     1.063    -5.576 
4847.317   23.0051     1.063    -5.610 
4847.317   23.0051     1.063    -6.602 
4847.321   23.0051     1.063    -5.584 
4847.321   23.0051     1.063    -6.049 
4847.321   23.0051     1.063    -6.174 
4847.324   23.0051     1.063    -5.748 
4847.324   23.0051     1.063    -5.924 
4847.327   23.0051     1.063    -5.748 
4847.419      28.0     4.415     -1.09 
4847.561      22.0     3.303     -1.02 
4847.587      26.0     4.442     -3.94 
4847.608      25.1     5.433     -1.81 
4847.623      26.1     2.690     -5.29 
4847.657      92.1     0.284     -2.02 
4847.760      62.1     0.659     -0.89 
4847.772      58.0     0.590      0.24 
4847.801      20.0     5.983     -7.47 
4847.805      23.0     2.027     -3.69 
4847.904      23.1     6.037     -3.08 
4847.909      23.1     6.524     -4.33 
4847.914      58.1     0.956     -0.75 
4848.043      23.0     1.375     -4.79 
4848.061      24.0     5.207     -1.25 
4848.073      14.0     4.926     -2.74 
4848.095      64.0     1.530      0.20 
4848.178      42.0     3.357     -1.53 
4848.186      25.0     4.791     -2.92 
4848.202      26.0     3.412     -4.34 
4848.209      22.0     2.304     -1.75 
4848.228      15.0     7.376     -1.50 
4848.236      24.1     3.861     -1.00 
4848.263      58.1     1.044     -1.32 
4848.297      23.1     6.779     -2.43 
4848.315      62.0     0.282     -0.12 
4848.353      41.0     1.177     -1.27 
4848.362      90.0     0.457     -1.75 
4848.377      23.0     2.914     -2.23 
4848.410      22.0     2.248     -0.86 
4848.415      68.1     2.287     -0.95 
4848.477      22.0     2.173     -0.54 
4848.492      22.0     3.145     -3.05 
4848.527      59.1     0.055     -1.67 
4848.557      42.0     3.245     -1.93 
4848.558      15.0     7.398     -2.00 
4848.617      42.0     2.678     -2.56 
4848.720      15.0     7.398     -3.00 
4848.809      23.0     1.711     -1.44 
4848.814      23.1     6.779     -3.00 
4848.832      68.0     1.158     -0.23 
4848.866      23.0     2.676     -0.66 
4848.882      26.0     2.277     -3.14 
4848.892      23.1     2.048     -4.59 
4849.041      90.1     2.729     -0.25 
4849.062      60.1     0.471     -1.09 
4849.149      28.0     3.536     -3.60 
4849.160      23.1     6.857     -2.33 
4849.168      22.1     1.130     -2.96 
4849.196      20.0     5.041     -3.04 
4849.275      23.0     2.579     -1.15 
4849.284      27.0     4.206     -3.27 
4849.303      27.0     4.110     -4.11 
4849.329      25.1     6.180     -4.45 
4849.383      27.0     4.110     -2.58 
4849.640      63.0     1.976     -0.06 
4849.668      26.0     3.571     -2.68 
4849.676      24.0     4.236     -1.81 
4849.749      24.0     5.151     -3.48 
4849.778      24.0     2.913     -5.34 
4849.827      42.0     2.521     -2.06 
4849.840      26.0     4.298     -3.12 
4849.865      19.0     1.609     -2.99 
4849.912      58.0     0.000     -0.75 
4850.202      25.0     4.317     -3.45 
4850.216      24.0     3.367     -2.79 
4850.218      58.1     1.403     -1.10 
4850.400      24.0     5.213     -2.22 
4850.440      90.1     0.514     -2.17 
4850.442      26.0     4.648     -4.34 
4850.545      22.0     3.125     -0.79 
4850.583      72.0     1.302     -2.10 
4850.602      57.1     0.772     -1.71 
4850.689      23.1     6.529     -2.37 
4850.706      25.0     5.221     -3.27 
4850.741      28.0     4.232     -1.03 
4850.797      57.0     0.130     -1.37 
4850.807      22.0     2.133     -5.27 
4850.851      56.1     6.196     -1.69 
4850.855      24.0     3.365     -3.96 
4850.876      24.0     4.532     -2.76 
4850.902      58.1     0.892     -1.37 
4851.087      25.0     4.662     -1.61 