# 
4677.199      24.0     4.443     -2.20 
4677.231      27.0     0.629     -4.45 
4677.400      26.0     4.214     -2.63 
4677.485      22.0     3.059      0.06 
4677.485      24.0     4.437     -4.46 
4677.506      27.0     0.581     -4.33 
4677.574      27.0     2.784     -8.82 
4677.588      26.0     4.151     -2.28 
4677.603      24.0     2.965     -3.68 
4677.637      22.0     3.291     -2.89 
4677.688      74.0     2.456     -0.73 
4677.743      23.0     2.606     -3.94 
4677.861      69.1     0.029     -2.75 
4678.051      23.0     2.573     -3.12 
4678.089      25.0     5.210     -3.41 
4678.091   59.1141     0.508    -4.347 
4678.092   59.1141     0.508    -4.201 
4678.095   59.1141     0.508    -4.288 
4678.099   59.1141     0.508    -4.616 
4678.110   59.1141     0.508    -3.129 
4678.116   59.1141     0.508    -2.939 
4678.123   59.1141     0.508    -2.460 
4678.124   59.1141     0.508    -2.885 
4678.134   59.1141     0.508    -2.927 
4678.135   59.1141     0.508    -2.351 
4678.145   59.1141     0.508    -3.117 
4678.148   59.1141     0.508    -2.242 
4678.149      48.0     3.731     -0.97 
4678.163   59.1141     0.508    -2.137 
4678.172      22.0     3.389     -2.88 
4678.180   59.1141     0.508    -2.038 
4678.199   59.1141     0.508    -1.945 
4678.202      42.0     3.031     -2.05 
4678.247      64.0     2.048      0.46 
4678.314      22.0     3.389     -3.00 
4678.356      39.0     2.372     -0.11 
4678.410      26.0     3.414     -3.73 
4678.456      27.0     4.256     -3.10 
4678.467      41.0     1.042     -1.35 
4678.600      58.1     0.721     -1.51 
4678.744      28.0     4.534     -3.36 
4678.846      24.0     4.444     -2.77 
4678.846      26.0     3.600     -0.68 
4678.916      24.1     4.140     -4.90 
4679.039      74.0     2.265     -1.22 
4679.060      66.1     2.110      0.00 
4679.061      68.1     1.535     -0.42 
4679.070      26.0     3.571     -9.51 
4679.080      59.1     0.629     -0.98 
4679.159      28.1     6.984     -1.75 
4679.181      64.0     1.547      0.45 
4679.218      26.0     4.555     -1.11 
4679.226      26.0     3.249     -5.01 
4679.227      20.0     5.045     -4.95 
4679.233      26.0     3.366     -2.14 
4679.323      24.0     4.096     -3.04 
4679.412      58.1     0.495     -1.95 
4679.510      26.0     4.073     -3.15 
4679.629      26.0     4.730     -3.01 
4679.646      24.0     2.913     -4.89 
4679.691      22.0     2.479     -2.06 
4679.717      22.0     1.052     -2.93 
4679.891      24.1     3.755     -4.80 
4679.964      26.0     4.214     -2.56 
4680.044      25.0     5.083     -2.55 
4680.047      64.0     0.927      0.02 
4680.095      23.1     6.104     -2.94 
4680.119      58.1     1.057     -0.48 
4680.134      30.0     4.003     -0.81 
4680.182      27.0     2.875     -3.59 
4680.190      22.0     3.303     -2.79 
4680.204      25.0     4.191     -3.36 
4680.233      25.0     4.426     -3.96 
4680.295      26.0     1.607     -3.77 
4680.403      24.0     4.851     -4.36 
4680.417      22.0     3.405     -2.07 
4680.442      58.1     0.863     -1.21 
4680.467      26.0     2.856     -2.73 
4680.474      24.0     3.108     -0.77 
4680.513      74.0     0.598     -1.51 
4680.552      26.0     4.581     -2.20 
4680.554      23.0     2.579     -3.42 
4680.560      26.0     4.214     -3.17 
4680.584      28.0     3.830     -3.26 
4680.625      26.0     4.206     -4.03 
4680.646      90.1     0.764     -2.27 
4680.660      27.1     5.204     -2.78 
4680.735      27.0     4.018     -2.06 
4680.737      60.1     0.064     -1.26 
4680.841      26.0     4.151     -2.20 
4680.845      26.0     4.431     -3.77 
4680.853      24.0     3.090     -0.81 
4680.853      24.0     3.447     -1.63 
4680.875      23.0     1.871     -0.61 
4680.888      26.0     4.730     -1.70 
4680.904      26.0     4.604     -2.51 
4680.921      26.0     4.442     -3.49 
4680.986      58.1     1.365     -0.75 
4680.995      26.0     4.792     -3.29 
4681.035      42.0     3.779     -0.99 
4681.036      28.0     3.633     -3.38 
4681.039      25.0     5.130     -3.69 
4681.368      23.0     2.357     -3.72 
4681.401      22.1     5.419     -4.68 
4681.402      22.0     2.493     -1.70 
4681.439      26.0     4.581     -3.80 
4681.473      26.0     4.603     -1.15 
4681.554      62.0     0.185     -0.37 
4681.623      42.0     2.494     -2.28 
4681.628   23.0051     1.929    -4.882 
4681.628   23.0051     1.929    -5.137 
4681.628   23.0051     1.929    -5.167 
4681.638   23.0051     1.929    -4.694 
4681.638   23.0051     1.929    -4.749 
4681.638   23.0051     1.929    -5.137 
4681.653   23.0051     1.929    -4.494 
4681.653   23.0051     1.929    -4.603 
4681.653   23.0051     1.929    -5.188 
4681.673   23.0051     1.929    -4.296 
4681.673   23.0051     1.929    -4.581 
4681.673   23.0051     1.929    -5.313 
4681.697   23.0051     1.929    -4.132 
4681.697   23.0051     1.929    -4.635 
4681.697   23.0051     1.929    -5.535 
4681.727   23.0051     1.929    -3.991 
4681.727   23.0051     1.929    -4.831 
4681.727   23.0051     1.929    -5.945 
4681.785      44.0     1.138     -1.09 
4681.848      24.0     4.446     -1.60 
4681.874      73.0     0.249     -1.57 
4681.909      22.0     0.048     -1.07 
4681.921      69.0     1.087     -0.68 
4681.933      42.0     3.154     -1.83 
4682.017      14.0     7.224     -3.39 
4682.026      66.1     2.385     -0.18 
4682.059      20.0     5.983     -3.50 
4682.067      24.0     2.965     -4.89 
4682.093      22.0     3.334     -2.52 
4682.112      26.0     4.555     -1.03 
4682.238      42.0     2.678     -2.28 
4682.306      76.0     1.583     -2.29 
4682.307      28.0     3.652     -5.40 
4682.320      75.0     2.411     -1.10 
4682.325      39.1     0.408     -1.51 
4682.372      27.0     3.189     -0.36 
4682.491      22.0     0.812     -4.29 
4682.558      26.0     2.938     -3.13 
4682.660      41.0     2.065     -0.94 
4682.670      62.1     0.434     -1.56 
4682.710      62.1     0.248     -2.15 
4682.716      22.0     3.291     -2.81 
4682.761      23.0     2.576     -0.92 
4682.878      22.0     1.748     -8.37 
4682.976   23.0051     2.129    -5.471 
4682.976   23.0051     2.129    -5.667 
4682.982   23.0051     2.129    -5.446 
4682.982   23.0051     2.129    -5.457 
4682.982   23.0051     2.129    -5.667 
4682.991   23.0051     2.129    -5.319 
4682.991   23.0051     2.129    -5.343 
4682.991   23.0051     2.129    -5.446 
4683.003   23.0051     2.129    -5.152 
4683.003   23.0051     2.129    -5.300 
4683.003   23.0051     2.129    -5.343 
4683.017   23.0051     2.129    -4.983 
4683.017   23.0051     2.129    -5.300 
4683.017   23.0051     2.129    -5.311 
4683.035   23.0051     2.129    -4.824 
4683.035   23.0051     2.129    -5.311 
4683.035   23.0051     2.129    -5.388 
4683.055   23.0051     2.129    -4.676 
4683.055   23.0051     2.129    -5.388 
4683.055   23.0051     2.129    -5.603 
4683.072      64.0     0.880     -0.63 
4683.078   23.0051     2.129    -4.540 
4683.078   23.0051     2.129    -5.603 