# 
5197.480      26.1     5.952     -2.72 
5197.568      26.1     3.230     -2.05 
5197.577      26.0     4.952     -2.32 
5197.586      20.0     4.621     -4.50 
5197.666      66.1     0.538     -1.85 
5197.692      22.0     3.556     -3.41 
5197.742      26.0     5.060     -2.61 
5197.768      26.0     4.368     -3.29 
5197.773      64.0     0.880      0.05 
5197.784      26.0     5.066     -3.63 
5197.790      23.0     2.573     -5.33 
5197.936      26.0     4.298     -1.64 
5197.972      24.0     5.663     -1.83 
5198.053      60.0     0.140     -0.68 
5198.120      22.0     3.397     -3.18 
5198.125      27.0     4.392     -3.85 
5198.131      23.0     2.573     -4.75 
5198.317      22.0     3.548     -3.27 
5198.409      24.0     4.444     -1.38 
5198.531      24.1     6.800     -4.61 
5198.541      22.0     2.304     -4.55 
5198.550      42.0     3.300     -1.43 
5198.711      26.0     2.221     -2.09 
5198.800      90.0     1.304     -0.78 
5198.838      22.0     3.567     -3.76 
5198.867      26.0     3.544     -3.55 
5198.952      25.0     5.392     -4.08 
5199.089      22.0     1.045     -5.43 
5199.163   23.0051     1.349    -9.731 
5199.164      90.0     0.479     -1.31 
5199.167   23.0051     1.349    -9.446 
5199.167   23.0051     1.349    -9.701 
5199.174   23.0051     1.349    -9.258 
5199.174   23.0051     1.349    -9.701 
5199.174   23.0051     1.349    -9.752 
5199.185   23.0051     1.349    -9.167 
5199.185   23.0051     1.349    -9.313 
5199.185   23.0051     1.349    -9.877 
5199.199   23.0051     1.349    -9.058 
5199.199   23.0051     1.349    -9.145 
5199.199   23.0051     1.349   -10.099 
5199.200      64.1     1.620     -1.25 
5199.217   23.0051     1.349    -8.860 
5199.217   23.0051     1.349    -9.199 
5199.217   23.0051     1.349   -10.509 
5199.239   23.0051     1.349    -8.696 
5199.239   23.0051     1.349    -9.395 
5199.264   23.0051     1.349    -8.555 
5199.361      26.0     4.730     -3.74 
5199.398      24.1     6.892     -4.04 
5199.474      25.0     4.426     -1.72 
5199.510      22.0     3.407     -4.20 
5199.531      26.0     3.879     -3.49 
5199.655      23.1     2.266     -3.99 
5199.696      26.0     3.544     -3.37 
5199.715      27.0     2.875     -4.80 
5199.722      60.0     0.000     -0.81 
5199.728      24.1     6.800     -3.28 
5199.779      26.0     5.029     -2.46 
5199.877      44.0     3.613      0.41 
5200.012   23.0051     2.255    -4.296 
5200.022      42.0     3.245     -1.90 
5200.022   23.0051     2.255    -4.296 
5200.022   23.0051     2.255    -4.472 
5200.036   23.0051     2.255    -4.132 
5200.036   23.0051     2.255    -4.597 
5200.036   23.0051     2.255    -4.722 
5200.056   23.0051     2.255    -4.124 
5200.056   23.0051     2.255    -4.158 
5200.056   23.0051     2.255    -5.150 
5200.080   23.0051     2.255    -3.875 
5200.080   23.0051     2.255    -4.285 
5200.083      23.1     3.800     -4.78 
5200.109      58.0     0.384     -0.65 
5200.109   23.0051     2.255    -3.659 
5200.121      60.1     0.559     -0.49 
5200.123      25.0     4.426     -1.24 
5200.153      42.0     2.678     -0.93 
5200.173      24.0     3.382     -0.58 
5200.183      25.1     6.172     -8.16 
5200.350      23.0     2.614     -0.78 
5200.365      28.0     4.085     -1.49 
5200.408      58.0     0.302     -0.67 
5200.413      39.1     0.992     -0.57 
5200.461      58.0     0.978     -0.49 
5200.541      64.1     2.471     -0.36 
5200.578      62.0     0.185      0.02 
5200.732       6.0     8.764     -3.97 
5200.738      42.0     2.274     -1.69 
5200.840      23.0     2.357     -2.69 
5200.897      29.0     5.417     -0.93 
5200.954      63.0     1.976      0.10 
5201.081      22.0     2.091     -0.75 
5201.143      40.0     0.542     -1.72 
5201.276      25.0     4.426     -1.10 
5201.368      58.0     0.000     -0.83 
5201.387      23.0     2.503     -4.15 
5201.437      82.0     3.651     -0.70 
5201.444      62.0     1.542     -0.04 
5201.549      22.0     3.102     -2.15 
5201.553   23.0051     2.357    -4.627 
5201.553   23.0051     2.357    -4.882 
5201.553   23.0051     2.357    -4.912 
5201.561   23.0051     2.357    -4.439 
5201.561   23.0051     2.357    -4.494 
5201.561   23.0051     2.357    -4.882 
5201.574   23.0051     2.357    -4.239 
5201.574   23.0051     2.357    -4.348 
5201.574   23.0051     2.357    -4.933 
5201.591   23.0051     2.357    -4.041 
5201.591   23.0051     2.357    -4.326 
5201.591   23.0051     2.357    -5.058 
5201.612   23.0051     2.357    -3.877 
5201.612   23.0051     2.357    -4.380 
5201.612   23.0051     2.357    -5.280 
5201.638   23.0051     2.357    -3.736 
5201.638   23.0051     2.357    -4.576 
5201.638   23.0051     2.357    -5.690 
5201.920      26.0     4.987     -2.65 
5202.015   23.0051     1.847    -8.157 
5202.016   23.0051     1.847    -7.739 
5202.016   23.0051     1.847    -7.877 
5202.016   23.0051     1.847    -7.877 
5202.016   23.0051     1.847    -8.157 
5202.016   23.0051     1.847    -8.479 
5202.016   23.0051     1.847    -9.178 
5202.017   23.0051     1.847    -7.673 
5202.017   23.0051     1.847    -7.739 
5202.017   23.0051     1.847    -8.032 
5202.018   23.0051     1.847    -7.666 
5202.018   23.0051     1.847    -7.673 
5202.018   23.0051     1.847    -7.701 
5202.020   23.0051     1.847    -7.438 
5202.020   23.0051     1.847    -7.666 
5202.020   23.0051     1.847    -7.731 
5202.022   23.0051     1.847    -7.219 
5202.022   23.0051     1.847    -7.731 
5202.022   23.0051     1.847    -7.935 
5202.024   23.0051     1.847    -7.032 
5202.024   23.0051     1.847    -7.935 
5202.123      44.0     2.485     -0.91 
5202.256      26.0     4.253     -1.87 
5202.280      25.1     5.373     -7.72 
5202.336      26.0     2.174     -1.87 
5202.453   23.0051     1.892    -4.655 
5202.453   23.0051     1.892    -4.655 
5202.453   23.0051     1.892    -4.956 
5202.459      58.0     0.998      0.07 
5202.475   23.0051     1.892    -4.491 
5202.475   23.0051     1.892    -4.517 
5202.475   23.0051     1.892    -4.831 
5202.504   23.0051     1.892    -4.234 
5202.504   23.0051     1.892    -4.483 
5202.504   23.0051     1.892    -5.081 
5202.540   23.0051     1.892    -4.018 
5202.540   23.0051     1.892    -4.644 
5202.540   23.0051     1.892    -5.509 
5202.567      24.1     6.280     -2.18 
5202.588      58.0     0.588     -0.34 
5202.637      76.0     1.259     -1.73 
5202.686      24.0     4.613     -3.04 
5202.700      62.1     0.333     -2.23 
5202.714      22.0     3.106     -2.82 
5202.743      24.1     4.407     -5.30 
5202.927      23.1     2.599     -2.97 
5203.112      22.0     2.248     -1.84 
5203.217      41.0     1.079     -1.47 
5203.238      27.0     3.168     -3.74 
5203.238      76.0     1.410     -2.50 
5203.244      74.0     2.420     -1.07 
5203.258      42.0     2.621     -2.34 
5203.270      58.0     0.294     -0.54 
5203.282      23.0     2.614     -5.82 
5203.325      45.0     1.997     -2.39 
5203.394      22.0     3.291     -3.72 