# 
4780.410      27.0     4.061     -1.64 
4780.421      26.0     4.792     -4.05 
4780.427      26.0     2.725     -5.02 
4780.461      25.0     5.345     -0.89 
4780.602      26.1     3.228     -7.28 
4780.687      25.0     4.422     -3.37 
4780.734      26.1     3.889     -8.44 
4780.808      22.0     2.173     -3.31 
4780.809      26.0     3.249     -3.36 
4780.809      26.0     4.073     -3.03 
4780.879      25.0     4.604     -4.34 
4780.920      73.0     1.324     -1.41 
4780.983      64.0     1.400     -0.14 
4781.025      39.0     1.397     -0.46 
4781.133      64.0     1.494     -0.05 
4781.199      24.0     3.553     -3.93 
4781.228      24.0     4.183     -1.76 
4781.327      23.0     2.357     -1.65 
4781.341      25.1     5.811     -5.42 
4781.364      24.0     5.176     -3.76 
4781.367   27.0059     1.881    -3.556 
4781.368      38.1     5.914     -2.73 
4781.372   27.0059     1.881    -3.357 
4781.374   27.0059     1.881    -3.811 
4781.383   27.0059     1.881    -3.293 
4781.383   27.0059     1.881    -5.461 
4781.391   27.0059     1.881    -3.556 
4781.398   27.0059     1.881    -3.324 
4781.398   27.0059     1.881    -4.221 
4781.409   27.0059     1.881    -3.357 
4781.417   27.0059     1.881    -3.504 
4781.418   27.0059     1.881    -3.505 
4781.432   27.0059     1.881    -3.293 
4781.441   27.0059     1.881    -3.098 
4781.451      23.0     2.614     -3.79 
4781.460   27.0059     1.881    -3.324 
4781.470   27.0059     1.881    -2.806 
4781.493   27.0059     1.881    -3.505 
4781.669      24.0     4.200     -2.39 
4781.711      22.0     0.848     -1.95 
4781.742      26.0     3.571     -3.08 
4781.799      20.0     4.551     -2.10 
4781.830      62.1     0.484     -1.47 
4781.860      15.0     7.398     -2.00 
4781.921      20.0     5.041     -3.75 
4781.922      20.0     5.989     -2.47 
4781.926      64.0     0.124     -0.92 
4781.930      66.1     2.390      0.00 
4781.972      23.1     6.160     -3.02 
4782.064      22.1     1.230     -9.98 
4782.075      26.0     4.431     -3.12 
4782.141      25.0     4.270     -4.26 
4782.267   23.0051     2.113    -4.362 
4782.267   23.0051     2.113    -4.654 
4782.267   23.0051     2.113    -4.849 
4782.267   23.0051     2.113    -4.849 
4782.267   23.0051     2.113    -4.880 
4782.267   23.0051     2.113    -4.880 
4782.267   23.0051     2.113    -4.913 
4782.267   23.0051     2.113    -4.913 
4782.267   23.0051     2.113    -5.060 
4782.267   23.0051     2.113    -5.061 
4782.267   23.0051     2.113    -5.061 
4782.267   23.0051     2.113    -5.112 
4782.267   23.0051     2.113    -5.112 
4782.267   23.0051     2.113    -5.367 
4782.267   23.0051     2.113    -5.777 
4782.267   23.0051     2.113    -7.020 
4782.301      24.0     3.320     -4.67 
4782.301      26.0     4.412     -4.36 
4782.363      27.0     3.949     -1.98 
4782.363      74.1     2.905     -1.09 
4782.430      24.0     3.320     -4.30 
4782.434      27.1     3.405     -7.27 
4782.517      24.0     4.614     -2.56 
4782.570      27.0     0.922     -3.95 
4782.722      20.0     5.045     -3.57 
4782.741      72.0     2.258     -0.26 
4782.761      90.1     0.829     -2.35 
4782.788      26.0     3.234     -3.68 
4782.889      67.0     1.133     -0.49 
4782.917      42.0     2.595     -1.16 
4782.933      24.0     3.011     -2.98 
4782.972      42.0     2.494     -1.60 
4782.991      14.0     4.950     -2.47 
4783.042      24.0     4.172     -0.31 
4783.089      27.0     3.949     -3.85 
4783.100      62.0     0.036     -0.26 
4783.243      24.0     3.077     -1.57 
4783.302      22.0     0.818     -2.95 
4783.352      59.1     0.371     -0.90 
4783.391   25.0055     2.296    -1.557 
4783.404   25.0055     2.296    -1.375 
4783.415   25.0055     2.296    -0.565 
4783.415   25.0055     2.296    -1.344 
4783.424   25.0055     2.296    -0.736 
4783.425   25.0055     2.296    -1.409 
4783.432   25.0055     2.296    -0.921 
4783.433   25.0055     2.296    -1.607 
4783.438   25.0055     2.296    -1.113 
4783.441   25.0055     2.296    -1.288 
4783.444   25.0055     2.296    -1.352 
4783.449   25.0055     2.296    -1.557 
4783.453   25.0055     2.296    -1.375 
4783.453   25.0055     2.296    -1.607 
4783.454   25.0055     2.296    -1.344 
4783.454   25.0055     2.296    -1.409 
4783.459      64.0     1.448     -0.30 
4783.493   23.0051     0.286    -6.837 
4783.496   23.0051     0.286    -6.552 
4783.496   23.0051     0.286    -6.807 
4783.502   23.0051     0.286    -6.364 
4783.502   23.0051     0.286    -6.807 
4783.502   23.0051     0.286    -6.858 
4783.511   23.0051     0.286    -6.273 
4783.511   23.0051     0.286    -6.419 
4783.511   23.0051     0.286    -6.983 
4783.523   23.0051     0.286    -6.164 
4783.523   23.0051     0.286    -6.251 
4783.523   23.0051     0.286    -7.205 
4783.537   23.0051     0.286    -5.966 
4783.537   23.0051     0.286    -6.305 
4783.537   23.0051     0.286    -7.615 
4783.555   23.0051     0.286    -5.802 
4783.555   23.0051     0.286    -6.501 
4783.556      64.0     1.466     -0.29 
4783.575   23.0051     0.286    -5.661 
4783.590      24.0     3.320     -4.63 
4783.725      23.1     6.161     -2.44 
4783.792      24.0     3.963     -2.80 
4783.798       6.0     7.940     -2.56 
4783.828      60.1     0.064     -1.67 
4783.964      58.1     1.581     -0.61 
4784.040      90.0     1.935     -0.58 
4784.270      44.0     1.418     -1.71 
4784.316      38.0     1.797     -0.51 
4784.413      42.0     3.435     -1.25 
4784.469      23.0     0.017     -2.67 
4784.625      25.1     6.568     -1.50 
4784.638      64.0     0.985      0.11 
4784.697      24.0     3.110     -3.35 
4784.720       6.0     7.940     -3.47 
4784.757      23.0     2.372     -3.97 
4784.785      58.0     0.520     -0.51 
4784.913      40.0     0.686     -0.49 
4785.062      27.0     3.949     -0.92 
4785.118      42.0     2.258     -1.13 
4785.175      22.0     1.872     -2.10 
4785.253   23.0051     1.944    -4.237 
4785.258   23.0051     1.944    -4.237 
4785.258   23.0051     1.944    -4.413 
4785.265   23.0051     1.944    -4.073 
4785.265   23.0051     1.944    -4.538 
4785.265   23.0051     1.944    -4.663 
4785.274   23.0051     1.944    -4.065 
4785.274   23.0051     1.944    -4.099 
4785.274   23.0051     1.944    -5.091 
4785.283      24.0     2.542     -6.21 
4785.286   23.0051     1.944    -3.816 
4785.286   23.0051     1.944    -4.226 
4785.300   23.0051     1.944    -3.600 
4785.332      27.0     2.716     -4.98 
4785.433      71.1     2.147     -1.37 
4785.687      41.0     1.608     -1.42 
4785.723      26.0     4.073     -2.30 
4785.738      27.0     4.146     -3.59 
4785.743   23.0051     1.929    -5.912 
4785.743   23.0051     1.929    -6.167 
4785.743   23.0051     1.929    -6.197 
4785.747      24.1     6.636     -4.64 
4785.754   23.0051     1.929    -5.724 
4785.754   23.0051     1.929    -5.779 
4785.754   23.0051     1.929    -6.167 
4785.763      27.0     4.146     -4.03 
4785.769   23.0051     1.929    -5.524 
4785.769   23.0051     1.929    -5.633 
4785.769   23.0051     1.929    -6.218 
4785.790   23.0051     1.929    -5.326 
4785.790   23.0051     1.929    -5.611 
4785.790   23.0051     1.929    -6.343 
4785.806      25.0     4.662     -3.28 
4785.814      24.0     3.461     -4.30 
4785.816   23.0051     1.929    -5.162 
4785.816   23.0051     1.929    -5.665 
4785.816   23.0051     1.929    -6.565 
4785.847   23.0051     1.929    -5.021 
4785.847   23.0051     1.929    -5.861 
4785.847   23.0051     1.929    -6.975 
4785.878      62.0     0.101     -0.32 
4785.920      92.0     0.479     -1.26 
4785.936      24.0     5.176     -3.78 
4785.957      26.0     4.140     -1.93 
4786.080      24.0     2.542     -5.90 
4786.087      26.0     2.756     -4.50 
4786.110      60.1     0.182     -1.41 
4786.142   23.0051     1.948    -5.156 
4786.146   23.0051     1.948    -4.871 
4786.146   23.0051     1.948    -5.126 
4786.153   23.0051     1.948    -4.683 
4786.153   23.0051     1.948    -5.126 
4786.153   23.0051     1.948    -5.177 
4786.163   23.0051     1.948    -4.592 
4786.163   23.0051     1.948    -4.738 
4786.163   23.0051     1.948    -5.302 
4786.176   23.0051     1.948    -4.483 
4786.176   23.0051     1.948    -4.570 
4786.176   23.0051     1.948    -5.524 
4786.193   23.0051     1.948    -4.285 
4786.193   23.0051     1.948    -4.624 
4786.193   23.0051     1.948    -5.934 
4786.214   23.0051     1.948    -4.121 
4786.214   23.0051     1.948    -4.820 
4786.238   23.0051     1.948    -3.980 
4786.246      27.0     4.172     -3.87 
4786.281      28.0     1.675     -3.14 
4786.290      23.0     2.573     -4.54 
4786.297      67.0     2.073      0.36 