# 
4820.538      26.0     3.571     -7.05 
4820.592      20.0     4.427     -3.12 
4820.605      25.1     5.832     -3.04 
4820.614      58.0     0.172     -0.87 
4820.796      20.0     5.041     -1.39 
4820.805      25.1     5.544     -4.83 
4820.873   23.0051     1.948    -4.833 
4820.877   23.0051     1.948    -4.553 
4820.877   23.0051     1.948    -4.833 
4820.877   23.0051     1.948    -5.854 
4820.879      22.0     0.835     -4.87 
4820.884   23.0051     1.948    -4.415 
4820.884   23.0051     1.948    -4.553 
4820.884   23.0051     1.948    -5.155 
4820.894   23.0051     1.948    -4.349 
4820.894   23.0051     1.948    -4.415 
4820.894   23.0051     1.948    -4.708 
4820.908   23.0051     1.948    -4.342 
4820.908   23.0051     1.948    -4.349 
4820.908   23.0051     1.948    -4.377 
4820.925   23.0051     1.948    -4.114 
4820.925   23.0051     1.948    -4.342 
4820.925   23.0051     1.948    -4.407 
4820.946   23.0051     1.948    -3.895 
4820.946   23.0051     1.948    -4.407 
4820.946   23.0051     1.948    -4.611 
4820.970   23.0051     1.948    -3.708 
4820.970   23.0051     1.948    -4.611 
4820.991      22.1     1.115     -6.83 
4820.998      25.0     4.723     -2.50 
4821.003      26.0     4.073     -2.38 
4821.058      21.0     5.222     -2.72 
4821.118      28.0     4.150     -0.85 
4821.130      25.0     4.426     -2.19 
4821.142      27.0     3.968     -0.28 
4821.167      14.0     4.926     -2.89 
4821.229      28.0     3.541     -3.83 
4821.242      23.0     1.710     -3.80 
4821.273      90.1     1.712     -1.77 
4821.275      22.0     2.159     -1.84 
4821.457      22.0     3.110     -3.03 
4821.491      26.0     4.383     -3.04 
4821.625      39.0     1.899     -0.68 
4821.688      23.0     2.573     -1.55 
4821.700      64.0     0.213     -0.63 
4821.730      24.0     3.548     -1.72 
4821.780      26.0     4.831     -3.47 
4821.846      26.0     4.581     -3.51 
4821.911      24.0     3.963     -3.85 
4822.065      24.0     3.077     -3.08 
4822.069      20.0     4.765     -4.13 
4822.119      39.0     1.899      0.02 
4822.225      23.1     6.182     -4.37 
4822.274      25.0     4.723     -2.10 
4822.328      26.0     4.730     -1.38 
4822.417      42.0     2.513     -1.78 
4822.512      22.0     3.111     -2.10 
4822.548      58.0     0.000     -0.44 
4822.559      26.0     4.151     -2.22 
4822.586      25.0     4.682     -1.14 
4822.616      23.0     2.860     -2.35 
4822.668      26.0     3.271     -4.03 
4822.812      23.1     2.034     -4.63 
4822.837      26.0     4.470     -4.26 
4822.849      23.1     5.476     -1.97 
4822.855      90.0     0.615     -1.66 
4822.919      42.0     2.474     -2.15 
4822.970      59.1     0.216     -1.15 
4823.127   23.0051     1.944    -4.803 
4823.130      22.0     2.235     -4.81 
4823.132   23.0051     1.944    -4.803 
4823.132   23.0051     1.944    -4.979 
4823.136      23.0     2.676     -5.83 
4823.139   23.0051     1.944    -4.639 
4823.139   23.0051     1.944    -5.104 
4823.139   23.0051     1.944    -5.229 
4823.148   23.0051     1.944    -4.631 
4823.148   23.0051     1.944    -4.665 
4823.148   23.0051     1.944    -5.657 
4823.160   23.0051     1.944    -4.382 
4823.160   23.0051     1.944    -4.792 
4823.174   23.0051     1.944    -4.166 
4823.182      90.1     0.514     -2.67 
4823.198      27.0     4.229     -2.82 
4823.228      26.0     3.881     -2.52 
4823.305      39.1     0.992     -1.11 
4823.319      14.0     4.926     -2.99 
4823.356      23.1     3.970     -1.87 
4823.388   23.0051     1.050    -5.474 
4823.388   23.0051     1.050    -5.650 
4823.389   23.0051     1.050    -5.052 
4823.389   23.0051     1.050    -5.349 
4823.389   23.0051     1.050    -5.349 
4823.389   23.0051     1.050    -5.463 
4823.389   23.0051     1.050    -5.463 
4823.389   23.0051     1.050    -5.474 
4823.389   23.0051     1.050    -5.668 
4823.419      23.0     1.711     -2.21 
4823.467   25.0055     2.317    -2.978 
4823.484   25.0055     2.317    -2.641 
4823.489   25.0055     2.317    -1.562 
4823.499   25.0055     2.317    -2.546 
4823.502   25.0055     2.317    -1.374 
4823.511   25.0055     2.317    -2.676 
4823.513   25.0055     2.317    -1.336 
4823.514   25.0055     2.317    -0.466 
4823.521   25.0055     2.317    -1.391 
4823.523   25.0055     2.317    -0.570 
4823.528   25.0055     2.317    -1.579 
4823.530   25.0055     2.317    -0.683 
4823.536   25.0055     2.317    -0.805 
4823.539   25.0055     2.317    -0.935 
4823.540   25.0055     2.317    -1.068 
4823.607      90.0     0.788     -1.42 
4823.626      26.0     4.412     -3.57 
4823.794      23.0     2.573     -1.84 
4823.929      24.0     4.528     -0.53 
4823.982      24.0     2.706     -5.44 
4824.037   57.1139     0.650    -1.250 
4824.056   57.1139     0.650    -1.347 
4824.061      22.0     3.212     -4.10 
4824.071   57.1139     0.650    -1.472 
4824.095      20.0     4.440     -3.00 
4824.128      24.1     3.868     -0.92 
4824.165      26.0     3.632     -2.33 
4824.167      60.1     0.559     -1.89 
4824.230      20.0     6.012     -2.97 
4824.271      25.0     4.270     -2.93 
4824.292      40.0     0.650     -1.05 
4824.362      24.1     5.489     -3.92 
4824.456      26.0     4.140     -2.99 
4824.510      22.0     2.083     -4.94 
4824.530      28.0     4.086     -3.81 
4824.680      62.1     1.445     -1.51 
4824.716      25.0     4.432     -3.38 
4824.846      27.0     3.407     -2.36 
4824.862      26.0     3.045     -5.51 
4824.965      66.0     2.287      0.76 
4824.979      24.1     3.824     -5.66 
4824.989   23.0051     1.944    -5.109 
4824.994   23.0051     1.944    -5.109 
4824.994   23.0051     1.944    -5.285 
4825.001   23.0051     1.944    -4.945 
4825.001   23.0051     1.944    -5.410 
4825.001   23.0051     1.944    -5.535 
4825.011   23.0051     1.944    -4.937 
4825.011   23.0051     1.944    -4.971 
4825.011   23.0051     1.944    -5.963 
4825.023   23.0051     1.944    -4.688 
4825.023   23.0051     1.944    -5.098 
4825.037   23.0051     1.944    -4.472 
4825.268      27.0     4.143     -2.19 
4825.398   23.0051     1.063    -4.667 
4825.398   23.0051     1.063    -5.366 
4825.404   23.0051     1.063    -4.959 
4825.404   23.0051     1.063    -5.185 
4825.404   23.0051     1.063    -5.366 
4825.410   23.0051     1.063    -5.154 
4825.410   23.0051     1.063    -5.185 
4825.410   23.0051     1.063    -5.365 
4825.411      24.0     4.529     -1.72 
4825.414   23.0051     1.063    -5.154 
4825.414   23.0051     1.063    -5.218 
4825.414   23.0051     1.063    -6.082 
4825.418   23.0051     1.063    -5.218 
4825.418   23.0051     1.063    -5.417 
4825.418   23.0051     1.063    -7.325 
4825.420   23.0051     1.063    -5.417 
4825.420   23.0051     1.063    -5.672 
4825.421      73.0     1.393     -1.39 
4825.439      22.0     2.316     -0.98 
4825.480      60.1     0.182     -0.42 
4825.515      24.0     3.085     -1.95 
4825.560   25.0055     3.841    -1.889 
4825.583   25.0055     3.841    -2.101 
4825.583   25.0055     3.841    -2.578 
4825.602   25.0055     3.841    -2.374 
4825.602   25.0055     3.841    -2.432 
4825.602   25.0055     3.841    -3.532 
4825.616   25.0055     3.841    -2.453 
4825.616   25.0055     3.841    -2.784 
4825.616   25.0055     3.841    -3.152 
4825.626   25.0055     3.841    -2.608 
4825.626   25.0055     3.841    -2.976 
4825.631   25.0055     3.841    -2.930 
4825.736      26.1     2.633     -4.83 
4825.755      24.0     5.076     -1.98 
4825.950   25.0055     3.133    -8.826 
4825.950   25.0055     3.133    -9.337 
4825.950   25.0055     3.133   -10.434 
4825.959   25.0055     3.133    -8.693 
4825.959   25.0055     3.133    -9.149 
4825.959   25.0055     3.133   -10.303 
4825.971   25.0055     3.133    -8.563 
4825.971   25.0055     3.133    -9.094 
4825.971   25.0055     3.133   -10.400 
4825.987   25.0055     3.133    -8.441 
4825.987   25.0055     3.133    -9.132 
4825.987   25.0055     3.133   -10.735 
4826.005   25.0055     3.133    -8.328 
4826.005   25.0055     3.133    -9.320 
4826.026   25.0055     3.133    -8.224 
4826.040      22.0     2.660     -1.35 
4826.190      24.0     3.365     -2.42 
4826.274      27.0     2.875     -3.02 
4826.288      22.0     3.421     -2.15 
4826.288      59.1     0.795     -1.62 
4826.322      59.1     0.795     -0.88 
4826.492   25.0055     3.133   -10.488 
4826.492   25.0055     3.133   -10.743 
4826.499   25.0055     3.133   -10.424 
4826.499   25.0055     3.133   -10.545 
4826.499   25.0055     3.133   -10.743 