# 
4719.219      26.0     4.227     -2.63 
4719.235      26.0     3.639     -6.07 
4719.256      24.0     4.413     -4.05 
4719.356      22.0     0.812     -4.78 
4719.395      22.0     3.348     -3.82 
4719.426      27.0     4.110     -3.62 
4719.493      23.0     2.573     -3.53 
4719.495      28.0     4.161     -1.54 
4719.511      22.1     1.242     -3.32 
4719.554      26.0     4.831     -3.96 
4719.840      62.1     0.040     -1.24 
4719.849      20.0     5.045     -4.39 
4719.919      57.1     1.954     -0.45 
4719.980      90.1     1.769     -1.17 
4720.130      62.1     0.543     -1.62 
4720.139      26.1     3.197     -4.80 
4720.204      23.1     2.024     -5.45 
4720.226      23.0     2.893     -2.08 
4720.255      27.0     4.229     -3.38 
4720.286      24.0     2.965     -5.04 
4720.351      27.0     4.110     -3.10 
4720.391      74.0     1.649     -1.92 
4720.518      24.0     4.436     -1.52 
4720.559      20.0     5.014     -3.57 
4720.560      26.0     4.206     -2.91 
4720.811   21.0045     1.427    -1.947 
4720.811   21.0045     1.427    -2.573 
4720.811   21.0045     1.427    -3.438 
4720.817   21.0045     1.427    -2.163 
4720.817   21.0045     1.427    -2.412 
4720.817   21.0045     1.427    -3.010 
4720.821   21.0045     1.427    -2.420 
4720.821   21.0045     1.427    -2.446 
4720.821   21.0045     1.427    -2.760 
4720.825   21.0045     1.427    -2.584 
4720.825   21.0045     1.427    -2.584 
4720.825   21.0045     1.427    -2.885 
4720.915      44.0     2.006     -1.40 
4720.917      25.0     3.761     -6.63 
4720.955      24.0     3.392     -3.17 
4720.962      26.0     4.151     -2.23 
4720.982      25.0     4.751     -2.57 
4720.995      45.0     1.142     -2.34 
4721.001      26.0     2.988     -2.80 
4721.022      20.1     7.044     -0.78 
4721.022      20.1     7.044     -2.08 
4721.094      20.0     4.732     -2.44 
4721.100      25.0     4.751     -3.59 
4721.126      24.0     3.548     -1.96 
4721.276      22.0     3.437     -3.01 
4721.276      24.0     3.426     -3.32 
4721.285      23.1     6.160     -2.39 
4721.305      27.0     0.629     -5.29 
4721.359      25.0     4.604     -2.72 
4721.390      62.1     0.248     -1.98 
4721.432      22.0     3.152     -3.02 
4721.458   23.0051     1.948    -2.583 
4721.461   23.0051     1.948    -2.320 
4721.461   23.0051     1.948    -2.516 
4721.468      64.0     1.494      0.20 
4721.468   23.0051     1.948    -2.116 
4721.468   23.0051     1.948    -2.320 
4721.468   23.0051     1.948    -3.215 
4721.478   23.0051     1.948    -1.946 
4721.478   23.0051     1.948    -2.215 
4721.478   23.0051     1.948    -3.060 
4721.491   23.0051     1.948    -1.800 
4721.491   23.0051     1.948    -2.168 
4721.491   23.0051     1.948    -3.060 
4721.508   23.0051     1.948    -1.671 
4721.508   23.0051     1.948    -2.174 
4721.508   23.0051     1.948    -3.157 
4721.528   23.0051     1.948    -1.555 
4721.528   23.0051     1.948    -2.247 
4721.528   23.0051     1.948    -3.361 
4721.544      27.1     3.116     -7.61 
4721.551   23.0051     1.948    -1.450 
4721.551   23.0051     1.948    -2.458 
4721.551   23.0051     1.948    -3.759 
4721.571      14.0     4.916     -2.02 
4721.877      24.0     4.437     -2.31 
4721.925      20.0     4.735     -2.51 
4722.027      26.0     4.383     -3.06 
4722.080      28.0     4.161     -1.58 
4722.089      90.0     0.929     -1.25 
4722.153      30.0     4.027     -0.34 
4722.172      26.0     4.100     -3.09 
4722.187      24.0     4.189     -1.68 
4722.205      24.0     4.443     -1.24 
4722.211      23.0     2.914     -1.59 
4722.266      27.0     2.925     -5.33 
4722.274      38.0     1.797     -0.13 
4722.293      22.0     3.397     -4.05 
4722.293      58.1     0.559     -1.47 
4722.536      83.0     1.415     -1.00 
4722.585      23.0     2.581     -4.09 
4722.606      22.0     1.052     -1.47 
4722.616      20.0     5.041     -3.56 
4722.651      24.0     3.090     -1.94 
4722.688      20.0     5.485     -2.99 
4722.695      68.0     0.000     -1.11 
4722.707      20.0     5.045     -2.87 
4722.717      92.1     0.217     -1.73 
4722.746      58.1     1.044     -1.34 
4722.761      24.0     3.365     -1.44 
4722.798   23.0051     1.954    -2.033 
4722.805   23.0051     1.954    -1.915 
4722.805   23.0051     1.954    -2.485 
4722.817   23.0051     1.954    -1.797 
4722.817   23.0051     1.954    -2.274 
4722.817   23.0051     1.954    -3.485 
4722.832   23.0051     1.954    -1.685 
4722.832   23.0051     1.954    -2.178 
4722.832   23.0051     1.954    -3.278 
4722.851   23.0051     1.954    -1.581 
4722.851   23.0051     1.954    -2.142 
4722.851   23.0051     1.954    -3.250 
4722.874   23.0051     1.954    -1.485 
4722.874   23.0051     1.954    -2.158 
4722.874   23.0051     1.954    -3.330 
4722.878      73.0     0.000     -2.60 
4722.900   23.0051     1.954    -1.395 
4722.900   23.0051     1.954    -2.240 
4722.900   23.0051     1.954    -3.522 
4722.931   23.0051     1.954    -1.311 
4722.931   23.0051     1.954    -2.458 
4722.931   23.0051     1.954    -3.911 
4722.943      24.0     4.851     -3.29 
4722.997      28.0     4.150     -1.01 
4723.008      28.0     4.534     -3.86 
4723.015      24.0     4.183     -2.39 
4723.016      24.0     4.204     -2.60 
4723.053      42.0     4.050     -0.43 
4723.078      25.0     4.824     -3.29 
4723.097      22.0     2.576     -4.59 
4723.097      24.0     3.077     -0.66 
4723.139      28.0     3.844     -2.83 
4723.152      24.0     4.204     -0.87 
4723.163      22.0     1.066     -1.48 
4723.230      68.1     0.891     -2.21 
4723.305      42.0     4.313     -0.48 
4723.321      58.1     0.703     -1.38 
4723.340      24.1     4.165     -2.71 
4723.343      26.0     4.792     -3.56 
4723.345      28.0     3.676     -4.12 
4723.431      23.0     2.038     -1.77 
4723.438      90.0     0.000     -1.70 
4723.442      42.0     2.834     -1.91 
4723.447      24.1     6.600     -4.06 
4723.473      23.0     2.636     -5.58 
4723.523      27.0     3.927     -2.40 
4723.538      24.1     6.482     -2.96 
4723.679      23.0     3.564     -3.07 
4723.741      24.1     5.315     -4.97 
4723.752      21.0     4.997     -3.00 
4723.775      20.0     5.957     -5.13 
4723.784      90.1     0.189     -2.25 
4723.802      41.0     2.222     -0.50 
4723.832   23.0051     2.136    -3.653 
4723.832   23.0051     2.136    -4.223 
4723.843   23.0051     2.136    -3.627 
4723.843   23.0051     2.136    -4.002 
4723.843   23.0051     2.136    -4.223 
4723.857      26.1     5.565     -4.53 
4723.857   23.0051     2.136    -3.546 
4723.857   23.0051     2.136    -3.905 
4723.857   23.0051     2.136    -4.002 
4723.874   23.0051     2.136    -3.441 
4723.874   23.0051     2.136    -3.870 
4723.874   23.0051     2.136    -3.905 
4723.879      28.0     3.676     -3.13 
4723.883      24.0     4.444     -3.12 
4723.895   23.0051     2.136    -3.328 
4723.895   23.0051     2.136    -3.870 
4723.895   23.0051     2.136    -3.888 
4723.919   23.0051     2.136    -3.214 
4723.919   23.0051     2.136    -3.888 
4723.919   23.0051     2.136    -3.972 
4723.946   23.0051     2.136    -3.103 
4723.946   23.0051     2.136    -3.972 
4723.946   23.0051     2.136    -4.193 
4723.977   23.0051     2.136    -2.996 
4723.977   23.0051     2.136    -4.193 
4724.068      26.1     2.578     -9.10 
4724.070      24.0     2.985     -3.55 
4724.124      28.0     4.164     -0.94 
4724.259      25.0     3.761     -4.16 
4724.263      69.0     0.000     -1.95 
4724.284      23.0     2.576     -2.91 
4724.310      58.0     0.000     -1.25 
4724.317      26.0     4.648     -2.94 
4724.322      24.0     3.407     -3.24 
4724.360      60.1     0.742     -0.43 
4724.412      24.0     3.085     -0.73 
4724.422      57.1     0.772     -1.82 
4724.499      20.0     5.916     -3.62 
4724.662      22.0     2.173     -1.53 
4724.734   23.0051     2.284    -5.488 
4724.734   23.0051     2.284    -5.684 
4724.742   23.0051     2.284    -5.463 
4724.742   23.0051     2.284    -5.474 
4724.742   23.0051     2.284    -5.684 
4724.753   23.0051     2.284    -5.336 
4724.753   23.0051     2.284    -5.360 
4724.753   23.0051     2.284    -5.463 
4724.768   23.0051     2.284    -5.169 
4724.768   23.0051     2.284    -5.317 
4724.768   23.0051     2.284    -5.360 
4724.772      90.1     1.204     -1.63 
4724.787   23.0051     2.284    -5.000 
4724.787   23.0051     2.284    -5.317 
4724.787   23.0051     2.284    -5.328 
4724.809   23.0051     2.284    -4.841 
4724.809   23.0051     2.284    -5.328 
4724.809   23.0051     2.284    -5.405 
4724.835   23.0051     2.284    -4.693 
4724.835   23.0051     2.284    -5.405 
4724.835   23.0051     2.284    -5.620 
4724.837      58.0     0.000     -0.86 
4724.850      26.0     2.480     -8.69 
4724.865   23.0051     2.284    -4.557 
4724.865   23.0051     2.284    -5.620 
4724.867      20.0     6.007     -5.40 
4725.069      58.1     0.521     -1.20 
4725.092      24.1     7.326     -3.97 
4725.121      74.0     2.385     -0.89 