# 
4759.470      24.0     4.528     -1.68 
4759.638      22.0     2.173     -1.51 
4759.642      23.1     1.702     -7.84 
4759.651      27.0     4.206     -3.55 
4759.653      68.1     0.000     -1.90 
4759.654      26.0     4.831     -3.52 
4759.654      42.0     3.731     -1.11 
4759.753      24.0     3.008     -2.12 
4759.804      24.0     3.842     -4.18 
4759.908      69.0     1.892     -0.26 
4759.910      24.0     3.110     -1.44 
4759.927      58.1     1.091     -1.14 
4759.993      25.0     5.083     -1.94 
4760.050      66.1     0.540     -2.10 
4760.067      26.0     3.036     -3.57 
4760.070      24.1     6.600     -2.87 
4760.110      42.0     2.274     -1.71 
4760.154      22.0     2.295     -3.92 
4760.169      26.1     5.566     -3.55 
4760.182      42.0     2.644      0.31 
4760.205      28.0     3.696     -2.98 
4760.279      62.0     0.101      0.04 
4760.325   23.0051     2.246    -5.346 
4760.325   23.0051     2.246    -5.522 
4760.339   23.0051     2.246    -5.221 
4760.339   23.0051     2.246    -5.346 
4760.347      27.0     4.206     -2.47 
4760.357   23.0051     2.246    -5.221 
4760.357   23.0051     2.246    -5.335 
4760.357   23.0051     2.246    -5.540 
4760.365      23.1     6.832     -4.06 
4760.380   23.0051     2.246    -4.924 
4760.380   23.0051     2.246    -5.335 
4760.450      60.0     0.140     -0.68 
4760.519      23.1     6.465     -4.21 
4760.730      62.1     0.543     -2.01 
4760.748      28.0     3.696     -3.08 
4760.749      64.0     0.213     -0.84 
4760.763      24.0     3.447     -3.17 
4760.775      27.0     2.872     -2.73 
4760.831   23.0051     2.121    -5.468 
4760.833   23.0051     2.121    -5.188 
4760.833   23.0051     2.121    -5.468 
4760.833   23.0051     2.121    -6.489 
4760.837   23.0051     2.121    -5.050 
4760.837   23.0051     2.121    -5.188 
4760.837   23.0051     2.121    -5.790 
4760.843   23.0051     2.121    -4.984 
4760.843   23.0051     2.121    -5.050 
4760.843   23.0051     2.121    -5.343 
4760.852   23.0051     2.121    -4.977 
4760.852   23.0051     2.121    -4.984 
4760.852   23.0051     2.121    -5.012 
4760.862   23.0051     2.121    -4.749 
4760.862   23.0051     2.121    -4.977 
4760.862   23.0051     2.121    -5.042 
4760.875   23.0051     2.121    -4.530 
4760.875   23.0051     2.121    -5.042 
4760.875   23.0051     2.121    -5.246 
4760.889      25.0     5.334     -1.70 
4760.889   23.0051     2.121    -4.343 
4760.889   23.0051     2.121    -5.246 
4760.891   23.0051     1.194    -7.600 
4760.891   23.0051     1.194    -7.600 
4760.891   23.0051     1.194    -7.901 
4760.895   23.0051     1.194    -7.436 
4760.895   23.0051     1.194    -7.462 
4760.895   23.0051     1.194    -7.776 
4760.900   23.0051     1.194    -7.179 
4760.900   23.0051     1.194    -7.428 
4760.900   23.0051     1.194    -8.026 
4760.907   23.0051     1.194    -6.963 
4760.907   23.0051     1.194    -7.589 
4760.907   23.0051     1.194    -8.454 
4760.913      24.0     4.529     -1.57 
4760.975      39.0     0.066     -1.15 
4761.009      23.1     2.048     -3.56 
4761.029      23.1     1.684     -7.91 
4761.083      42.0     3.154     -1.52 
4761.110      90.1     2.052     -0.69 
4761.227      21.0     4.201     -3.76 
4761.244      24.0     3.119     -1.28 
4761.263      28.1     4.026     -4.90 
4761.281      42.0     3.245     -1.77 
4761.339      24.0     4.609     -0.68 
4761.401      23.1     6.708     -3.97 
4761.428      20.0     5.449     -2.85 
4761.428      24.1     5.666     -2.54 
4761.493   25.0055     2.951    -1.161 
4761.508   25.0055     2.951    -0.700 
4761.509   25.0055     2.951    -1.064 
4761.519   25.0055     2.951    -1.177 
4761.528   25.0055     2.951    -1.064 
4761.543   25.0055     2.951    -1.608 
4761.571      42.0     4.325     -0.88 
4761.730      24.0     3.373     -1.94 
4761.863      26.0     4.431     -3.78 
4761.898      27.0     2.875     -4.38 
4761.973      25.0     4.270     -2.65 
4762.102      27.0     3.949     -0.86 
4762.260      26.0     2.725     -4.92 
4762.290      22.0     3.348     -3.76 
4762.313       6.0     7.475     -2.53 
4762.325      24.0     4.093     -3.62 
4762.345   25.0055     2.886    -0.298 
4762.351      65.1     0.126     -1.83 
4762.352   25.0055     2.886    -1.394 
4762.358   25.0055     2.886    -2.810 
4762.359   25.0055     2.886    -0.402 
4762.366   25.0055     2.886    -1.206 
4762.371   25.0055     2.886    -2.473 
4762.372   25.0055     2.886    -0.515 
4762.376   25.0055     2.886    -1.168 
4762.381   25.0055     2.886    -0.637 
4762.381   25.0055     2.886    -2.378 
4762.386   25.0055     2.886    -1.223 
4762.389   25.0055     2.886    -0.767 
4762.389   25.0055     2.886    -2.508 
4762.392   25.0055     2.886    -1.411 
4762.395   25.0055     2.886    -0.900 
4762.403      42.0     3.357     -1.77 
4762.533       6.0     7.477     -2.44 
4762.627      28.0     1.934     -2.58 
4762.642      68.1     2.062     -0.32 
4762.671      23.0     2.573     -2.64 
4762.705      23.0     3.054     -3.56 
4762.712   23.0051     0.275    -5.973 
4762.712   23.0051     0.275    -6.228 
4762.718   23.0051     0.275    -5.774 
4762.718   23.0051     0.275    -5.973 
4762.718   23.0051     0.275    -7.881 
4762.720      59.1     0.422     -1.03 
4762.726   23.0051     0.275    -5.710 
4762.726   23.0051     0.275    -5.774 
4762.726   23.0051     0.275    -6.638 
4762.738   23.0051     0.275    -5.710 
4762.738   23.0051     0.275    -5.741 
4762.738   23.0051     0.275    -5.921 
4762.752   23.0051     0.275    -5.515 
4762.752   23.0051     0.275    -5.741 
4762.752   23.0051     0.275    -5.922 
4762.753      40.0     1.832     -0.04 
4762.769   23.0051     0.275    -5.223 
4762.769   23.0051     0.275    -5.922 
4762.778      22.1     1.083     -2.89 
4762.789      25.1     5.393     -2.53 
4762.840      58.1     0.792     -2.10 
4762.952      39.0     2.002     -1.24 
4763.125      76.0     4.784      0.13 
4763.137      20.0     5.979     -6.07 
4763.223      26.0     3.045     -5.57 
4763.259      20.0     5.979     -7.30 
4763.264      21.0     4.524     -2.00 
4763.300      60.1     0.975     -1.46 
4763.313      26.0     4.175     -3.63 
4763.457      28.0     2.738     -6.53 
4763.459      27.0     0.629     -8.30 
4763.504      24.0     3.373     -3.17 
4763.620      60.1     0.380     -1.27 
4763.707      20.0     5.041     -2.77 
4763.735      58.1     0.909     -2.23 
4763.791      26.1     3.219     -6.81 
4763.811      23.0     2.965     -3.80 
4763.832      64.0     1.348      0.12 
4763.856      27.0     3.949     -1.93 
4763.860      60.1     0.182     -1.08 
4763.883      22.1     1.220     -2.40 
4763.912      58.1     1.026     -0.84 
4763.942      28.0     3.652     -0.84 
4764.020      27.0     4.110     -2.70 
4764.108      42.0     3.614     -0.29 
4764.126      23.0     2.676     -9.00 
4764.174      24.0     3.844     -3.78 
4764.232      26.0     4.151     -3.04 
4764.293      24.0     3.548     -0.28 
4764.415      42.0     2.289     -1.33 
4764.415      44.0     3.408     -0.22 
4764.480      27.0     4.146     -4.20 
4764.525      22.1     1.236     -2.69 
4764.535   23.0051     2.262    -5.045 
4764.535   23.0051     2.262    -5.300 
4764.537   23.0051     2.262    -4.846 
4764.537   23.0051     2.262    -5.045 
4764.537   23.0051     2.262    -6.953 
4764.539   23.0051     2.262    -4.782 
4764.539   23.0051     2.262    -4.846 
4764.539   23.0051     2.262    -5.710 
4764.542   23.0051     2.262    -4.782 
4764.542   23.0051     2.262    -4.813 
4764.542   23.0051     2.262    -4.993 
4764.546   23.0051     2.262    -4.587 
4764.546   23.0051     2.262    -4.813 
4764.546   23.0051     2.262    -4.994 
4764.551   23.0051     2.262    -4.295 
4764.551   23.0051     2.262    -4.994 
4764.643      24.0     3.011     -1.65 
4764.720      58.0     0.274     -0.86 
4764.728      25.1     5.394     -1.35 
4764.907      25.1     6.806     -4.80 
4765.062      25.1     6.135     -3.66 
4765.110      24.1     5.658     -2.72 
4765.230      59.1     0.371     -1.11 
4765.281      24.0     4.532     -3.14 
4765.357   23.0051     2.136    -4.657 
4765.357   23.0051     2.136    -5.227 
4765.367   23.0051     2.136    -4.631 
4765.367   23.0051     2.136    -5.006 
4765.367   23.0051     2.136    -5.227 
4765.381   23.0051     2.136    -4.550 
4765.381   23.0051     2.136    -4.909 
4765.381   23.0051     2.136    -5.006 
4765.399   23.0051     2.136    -4.445 
4765.399   23.0051     2.136    -4.874 
4765.399   23.0051     2.136    -4.909 