# 
4631.017      28.0     4.102     -0.96 
4631.039      26.0     4.100     -3.14 
4631.089      26.0     3.249     -4.48 
4631.146      27.0     3.213     -2.71 
4631.217      24.0     4.398     -3.97 
4631.281      60.0     0.625     -0.18 
4631.376      23.0     2.741     -4.51 
4631.442      24.0     3.887     -4.59 
4631.489      26.0     4.545     -1.92 
4631.550      42.0     3.440     -1.37 
4631.615      92.0     0.000     -0.91 
4631.630      24.0     5.090     -0.77 
4631.717      23.1     6.659     -3.35 
4631.728      23.1     1.686     -4.71 
4631.761      26.0     4.317     -4.04 
4631.762      90.1     1.262     -1.10 
4631.829      76.0     1.886     -1.19 
4631.915      42.0     3.779     -1.44 
4632.052      22.0     1.429     -1.93 
4632.082      26.0     3.692     -5.86 
4632.088      22.0     1.501     -1.27 
4632.139      24.0     3.553     -0.58 
4632.146      26.0     3.544     -4.29 
4632.208      24.0     3.110     -0.79 
4632.275      59.0     0.543      0.55 
4632.321      58.0     0.000     -0.20 
4632.339      20.0     4.765     -3.44 
4632.377      26.0     3.632     -8.26 
4632.458      27.0     2.628     -7.00 
4632.513      25.0     4.191     -3.83 
4632.546      23.0     2.764     -3.43 
4632.566      42.0     3.387     -1.32 
4632.670      60.1     0.204     -1.52 
4632.672      25.0     4.426     -2.45 
4632.765      62.0     0.282     -1.79 
4632.820      26.0     3.651     -2.00 
4632.847      26.0     3.265     -3.38 
4632.900      23.0     2.027     -9.91 
4632.912      26.0     1.607     -2.90 
4633.027      26.0     2.422     -4.52 
4633.027      28.0     3.417     -2.56 
4633.035      73.0     1.236     -1.64 
4633.043      28.0     3.793     -4.55 
4633.048      26.0     1.010     -5.05 
4633.075      42.0     3.503     -0.42 
4633.110      26.0     3.015     -4.04 
4633.160      62.1     0.040     -2.58 
4633.216      26.0     4.188     -3.50 
4633.255      24.0     3.123     -1.11 
4633.508      23.0     2.580     -5.42 
4633.519      24.0     5.090     -1.63 
4633.531      22.0     2.173     -5.80 
4633.601      58.1     0.875     -1.21 
4633.684      42.0     3.185     -1.66 
4633.702      26.0     3.692     -3.28 
4633.752      27.0     4.206     -2.71 
4633.755      26.0     3.015     -3.03 
4633.766      90.0     1.501     -0.49 
4633.801      26.0     4.188     -2.55 
4633.928      23.0     2.581     -4.62 
4633.982      40.0     0.071     -1.17 
4633.993      22.1     5.419     -3.10 
4633.998      24.0     3.548     -1.81 
4634.070   23.0051     1.217    -7.524 
4634.070   23.0051     1.217    -7.779 
4634.071   23.0051     1.217    -7.325 
4634.071   23.0051     1.217    -7.524 
4634.071   23.0051     1.217    -9.432 
4634.073      24.1     4.069     -0.98 
4634.074   23.0051     1.217    -7.261 
4634.074   23.0051     1.217    -7.325 
4634.074   23.0051     1.217    -8.189 
4634.077   23.0051     1.217    -7.261 
4634.077   23.0051     1.217    -7.292 
4634.077   23.0051     1.217    -7.472 
4634.081   23.0051     1.217    -7.066 
4634.081   23.0051     1.217    -7.292 
4634.081   23.0051     1.217    -7.473 
4634.086   23.0051     1.217    -6.774 
4634.086   23.0051     1.217    -7.473 
4634.161      26.0     2.829     -4.55 
4634.210      23.1     3.800     -1.92 
4634.210      60.0     0.000      0.28 
4634.250      69.1     2.266     -0.81 
4634.584      24.0     3.110     -2.08 
4634.612      25.0     4.682     -3.75 
4634.616      26.1     2.581     -5.35 
4634.637      40.0     0.686     -2.04 
4634.644      27.0     4.061     -3.60 
4634.702      25.1     6.172     -5.61 
4634.713      26.0     4.635     -3.68 
4634.738      22.0     2.248     -1.18 
4634.756      24.1     3.744     -4.52 
4634.760      24.0     4.532     -2.93 
4634.769      76.0     2.889     -0.90 
4634.812      74.0     2.036     -1.13 
4634.913      23.1     4.002     -4.33 
4635.014      42.0     2.513     -2.01 
4635.015      24.0     4.407     -3.89 
4635.140   23.0051     0.069    -3.692 
4635.152   23.0051     0.069    -3.477 
4635.153   23.0051     0.069    -2.629 
4635.163      20.0     5.045     -6.61 
4635.163   23.0051     0.069    -3.400 
4635.164   23.0051     0.069    -2.765 
4635.172   23.0051     0.069    -3.389 
4635.173   23.0051     0.069    -2.913 
4635.177   23.0051     0.069    -3.692 
4635.181   23.0051     0.069    -3.072 
4635.181   23.0051     0.069    -3.432 
4635.184   23.0051     0.069    -3.477 
4635.187   23.0051     0.069    -3.241 
4635.187   23.0051     0.069    -3.535 
4635.190   23.0051     0.069    -3.400 
4635.192   23.0051     0.069    -3.408 
4635.193   23.0051     0.069    -3.756 
4635.195   23.0051     0.069    -3.389 
4635.196   23.0051     0.069    -3.546 
4635.199   23.0051     0.069    -3.432 
4635.199   23.0051     0.069    -3.560 
4635.201   23.0051     0.069    -3.535 
4635.202   23.0051     0.069    -3.756 
4635.254      23.0     2.893     -2.20 
4635.318      26.1     5.956     -1.58 
4635.389      24.0     4.201     -2.45 
4635.545      22.0     2.331     -1.13 
4635.550      26.0     3.692     -2.90 
4635.577      27.1     3.083     -5.06 
4635.594      24.0     4.609     -3.02 
4635.601       3.0     1.846     -7.30 
4635.601       3.0     1.846     -7.60 
4635.616      26.0     2.863     -3.59 
4635.648      22.0     2.101     -8.00 
4635.667      59.0     0.000      0.02 
4635.673       3.0     1.846     -6.90 
4635.673       3.0     1.846     -7.60 
4635.686      44.0     1.192     -1.33 
4635.846      26.0     2.843     -2.42 
4636.097      23.0     2.357     -3.12 
4636.157      23.1     3.121     -5.68 
4636.226      22.0     1.979     -3.04 
4636.241      25.0     4.662     -2.27 
4636.241   23.0051     1.194    -5.989 
4636.241   23.0051     1.194    -6.165 
4636.245   23.0051     1.194    -5.864 
4636.245   23.0051     1.194    -5.989 
4636.250   23.0051     1.194    -5.864 
4636.250   23.0051     1.194    -5.978 
4636.250   23.0051     1.194    -6.183 
4636.256   23.0051     1.194    -5.567 
4636.256   23.0051     1.194    -5.978 
4636.264      23.0     2.573     -4.96 
4636.270      62.1     0.659     -1.16 
4636.320      22.1     1.164     -2.85 
4636.393      26.0     3.692     -4.86 
4636.395      26.0     3.045     -6.58 
4636.426      57.1     2.341     -0.67 
4636.522      22.0     1.501     -2.24 
4636.646      64.0     0.812      0.14 
4636.663   23.0051     2.357    -4.424 
4636.663   23.0051     2.357    -4.679 
4636.663   23.0051     2.357    -4.709 
4636.670      26.0     3.045     -3.77 
4636.670   23.0051     2.357    -4.236 
4636.670   23.0051     2.357    -4.291 
4636.670   23.0051     2.357    -4.679 
4636.680   23.0051     2.357    -4.036 
4636.680   23.0051     2.357    -4.145 
4636.680   23.0051     2.357    -4.730 
4636.689   23.0051     1.948    -5.380 
4636.693   23.0051     1.948    -5.117 
4636.693   23.0051     1.948    -5.313 
4636.693   23.0051     2.357    -3.838 
4636.693   23.0051     2.357    -4.123 
4636.693   23.0051     2.357    -4.855 
4636.699   23.0051     1.948    -4.913 
4636.699   23.0051     1.948    -5.117 
4636.699   23.0051     1.948    -6.012 
4636.709   23.0051     1.948    -4.743 
4636.709   23.0051     1.948    -5.012 
4636.709   23.0051     1.948    -5.857 
4636.710   23.0051     2.357    -3.674 
4636.710   23.0051     2.357    -4.177 
4636.710   23.0051     2.357    -5.077 
4636.721   23.0051     1.948    -4.597 
4636.721   23.0051     1.948    -4.965 
4636.721   23.0051     1.948    -5.857 
4636.731   23.0051     2.357    -3.533 
4636.731   23.0051     2.357    -4.373 
4636.731   23.0051     2.357    -5.487 
4636.737   23.0051     1.948    -4.468 
4636.737   23.0051     1.948    -4.971 
4636.737   23.0051     1.948    -5.954 
4636.741      58.1     0.721     -1.59 
4636.757   23.0051     1.948    -4.352 
4636.757   23.0051     1.948    -5.044 
4636.757   23.0051     1.948    -6.158 
4636.779   23.0051     1.948    -4.247 
4636.779   23.0051     1.948    -5.255 
4636.779   23.0051     1.948    -6.556 
4636.812      20.0     3.907     -9.30 
4636.976      65.1     0.641     -1.29 
4636.993      24.0     4.407     -4.20 