# 
4753.048      20.0     6.022     -6.55 
4753.061      40.0     1.873     -0.50 
4753.147   21.0045     0.000    -2.894 
4753.147   21.0045     0.000    -2.894 
4753.147   21.0045     0.000    -3.195 
4753.153   21.0045     0.000    -2.730 
4753.153   21.0045     0.000    -2.756 
4753.153   21.0045     0.000    -3.070 
4753.161   21.0045     0.000    -2.473 
4753.161   21.0045     0.000    -2.722 
4753.161   21.0045     0.000    -3.320 
4753.171   21.0045     0.000    -2.257 
4753.171   21.0045     0.000    -2.883 
4753.171   21.0045     0.000    -3.748 
4753.179      25.1     6.128     -4.64 
4753.226      25.0     4.751     -2.44 
4753.321      27.0     4.229     -3.30 
4753.340      42.0     2.621     -2.07 
4753.459      25.0     4.432     -4.17 
4753.590      23.0     1.941     -4.44 
4753.692      27.1     3.865     -3.95 
4753.744      25.1     6.523     -4.47 
4753.893      25.0     5.210     -0.96 
4753.930      19.0     1.616     -2.97 
4753.931      23.0     2.073     -0.50 
4754.010      24.0     3.373     -1.15 
4754.021   25.0055     2.280    -0.647 
4754.033   25.0055     2.280    -0.787 
4754.036      26.0     4.730     -2.63 
4754.043   25.0055     2.280    -0.945 
4754.053      26.0     4.100     -3.73 
4754.053   25.0055     2.280    -1.129 
4754.055   25.0055     2.280    -1.565 
4754.056      25.1     6.135     -3.08 
4754.061   25.0055     2.280    -1.351 
4754.061   25.0055     2.280    -1.389 
4754.066   25.0055     2.280    -1.363 
4754.068   25.0055     2.280    -1.636 
4754.070   25.0055     2.280    -1.430 
4754.072   25.0055     2.280    -1.606 
4754.081   25.0055     2.280    -2.385 
4754.083   25.0055     2.280    -2.305 
4754.083   25.0055     2.280    -2.431 
4754.083   25.0055     2.280    -2.783 
4754.221      23.1     2.024     -4.87 
4754.277      22.1     1.230     -4.41 
4754.338      27.0     3.229     -0.85 
4754.358      22.0     2.159     -1.60 
4754.381      20.0     5.045     -2.37 
4754.409      22.0     3.455     -4.01 
4754.468      22.0     3.059     -2.38 
4754.510      26.1     2.640     -6.49 
4754.560   23.0051     2.276    -5.289 
4754.561   23.0051     2.276    -5.009 
4754.561   23.0051     2.276    -5.289 
4754.561   23.0051     2.276    -6.310 
4754.562   23.0051     2.276    -4.871 
4754.562   23.0051     2.276    -5.009 
4754.562   23.0051     2.276    -5.611 
4754.564   23.0051     2.276    -4.805 
4754.564   23.0051     2.276    -4.871 
4754.564   23.0051     2.276    -5.164 
4754.566   23.0051     2.276    -4.798 
4754.566   23.0051     2.276    -4.805 
4754.566   23.0051     2.276    -4.833 
4754.569   23.0051     2.276    -4.570 
4754.569   23.0051     2.276    -4.798 
4754.569   23.0051     2.276    -4.863 
4754.572   23.0051     2.276    -4.351 
4754.572   23.0051     2.276    -4.863 
4754.572   23.0051     2.276    -5.067 
4754.576   23.0051     2.276    -4.164 
4754.576   23.0051     2.276    -5.067 
4754.700      25.0     3.769     -2.02 
4754.740      24.0     3.090     -1.36 
4754.762      28.0     3.633     -0.98 
4754.946      42.0     3.393     -1.70 
4754.992      66.1     2.415     -0.09 
4755.037      25.0     3.370     -4.43 
4755.140      24.0     3.008     -1.45 
4755.152      26.0     4.555     -3.82 
4755.168      26.0     4.581     -4.00 
4755.172      26.0     2.725     -5.46 
4755.276      14.0     4.916     -2.66 
4755.313      41.0     1.629     -1.40 
4755.325      42.0     3.300     -1.72 
4755.343      64.1     2.447     -0.23 
4755.347      25.1     6.489     -4.31 
4755.370      62.1     0.277     -1.85 
4755.386      25.0     3.376     -4.79 
4755.451      24.0     3.842     -3.93 
4755.503      64.1     2.524     -0.16 
4755.530      58.1     0.721     -1.31 
4755.533      25.1     6.489     -7.16 
4755.580      45.0     1.782     -2.09 
4755.711      20.0     6.024     -3.78 
4755.727      25.1     5.393     -1.24 
4755.735      92.1     0.000     -2.16 
4755.796      24.0     4.204     -1.56 
4755.843      60.0     0.456      0.00 
4755.885      42.0     3.315     -1.44 
4755.905      22.0     3.332     -3.84 
4756.033      59.1     0.055     -1.43 
4756.051      24.0     2.985     -2.91 
4756.080      25.0     3.769     -2.35 
4756.112      24.0     3.102      0.09 
4756.164      24.0     4.102     -3.51 
4756.238      44.0     1.062     -1.74 
4756.241      25.0     3.380     -5.52 
4756.314      24.0     4.407     -4.18 
4756.431      23.0     2.581     -3.26 
4756.456      77.0     4.197     -0.15 
4756.512      73.0     0.491     -1.61 
4756.515      28.0     3.477     -0.27 
4756.521      26.0     4.073     -3.03 
4756.721      27.0     3.927     -0.01 
4756.750      25.1     6.489     -3.99 
4756.806      92.0     0.077     -1.01 
4756.867      22.0     2.238     -6.66 
4756.884      26.1     5.565     -4.36 
4756.936      25.1     6.489     -5.25 
4756.964      26.0     4.257     -3.23 
4756.979      22.1     5.881     -1.94 
4757.003      23.0     3.064     -2.37 
4757.004      24.0     3.548     -1.96 
4757.069      23.0     2.357     -3.03 
4757.151      42.0     3.393     -1.42 
4757.345      23.0     2.096     -0.68 
4757.348      27.0     4.146     -3.01 
4757.356      24.0     4.236     -0.55 
4757.374      19.0     1.616     -3.58 
4757.387      19.0     1.616     -2.62 
4757.474      23.0     2.027     -0.29 
4757.510      60.1     0.204     -2.12 
4757.542      74.0     0.366     -2.43 
4757.578      26.0     3.271     -2.58 
4757.590      24.0     3.548     -0.92 
4757.610      72.0     1.113     -1.83 
4757.651      26.1     6.802     -4.43 
4757.771      74.0     1.867     -1.71 
4757.779      26.0     3.265     -3.64 
4757.790      64.1     0.662     -1.91 
4757.841      58.1     0.956     -0.71 
4757.842   23.0051     1.944    -8.670 
4757.842   23.0051     1.944    -8.925 
4757.847   23.0051     1.944    -8.471 
4757.847   23.0051     1.944    -8.670 
4757.847   23.0051     1.944   -10.578 
4757.848      44.0     0.927     -0.89 
4757.854   23.0051     1.944    -8.407 
4757.854   23.0051     1.944    -8.471 
4757.854   23.0051     1.944    -9.335 
4757.863   23.0051     1.944    -8.407 
4757.863   23.0051     1.944    -8.438 
4757.863   23.0051     1.944    -8.618 
4757.875   23.0051     1.944    -8.212 
4757.875   23.0051     1.944    -8.438 
4757.875   23.0051     1.944    -8.619 
4757.889   23.0051     1.944    -7.920 
4757.889   23.0051     1.944    -8.619 
4757.909      59.1     0.204     -1.19 
4757.918      25.1     6.490     -3.32 
4757.966      77.0     2.067     -2.37 
4758.036      73.0     1.357     -1.70 
4758.083      26.1     6.802     -4.60 
4758.118      22.0     2.248      0.51 
4758.197      74.0     2.965     -0.73 
4758.262      27.0     4.146     -3.56 
4758.267      64.0     0.066     -1.58 
4758.299      25.1     6.135     -3.32 
4758.353      28.0     3.462     -4.31 
4758.415      28.0     3.844     -2.11 
4758.418      24.0     4.532     -3.44 
4758.470      65.1     1.103     -0.80 
4758.501      42.0     3.690     -0.04 
4758.504      60.0     0.000     -1.09 
4758.606      28.0     3.676     -3.45 
4758.608   23.0051     1.929    -2.172 
4758.618   23.0051     1.929    -2.172 
4758.618   23.0051     1.929    -2.348 
4758.633   23.0051     1.929    -2.008 
4758.633   23.0051     1.929    -2.473 
4758.633   23.0051     1.929    -2.598 
4758.654   23.0051     1.929    -2.000 
4758.654   23.0051     1.929    -2.034 
4758.654   23.0051     1.929    -3.026 
4758.680   23.0051     1.929    -1.751 
4758.680   23.0051     1.929    -2.161 
4758.704      64.0     0.880      0.04 
4758.711   23.0051     1.929    -1.535 
4758.722      26.0     4.073     -3.50 
4758.749   23.0051     1.217    -3.617 
4758.749   23.0051     1.217    -3.872 
4758.750   23.0051     1.217    -3.418 
4758.750   23.0051     1.217    -3.617 
4758.750   23.0051     1.217    -5.525 
4758.753   23.0051     1.217    -3.354 
4758.753   23.0051     1.217    -3.418 
4758.753   23.0051     1.217    -4.282 
4758.756   23.0051     1.217    -3.354 
4758.756   23.0051     1.217    -3.385 
4758.756   23.0051     1.217    -3.565 
4758.761   23.0051     1.217    -3.159 
4758.761   23.0051     1.217    -3.385 
4758.761   23.0051     1.217    -3.566 
4758.766   23.0051     1.217    -2.867 
4758.766   23.0051     1.217    -3.566 
4758.835      75.0     1.435     -2.18 
4758.901      22.0     0.835     -2.17 
4758.965   23.0051     2.245    -4.883 
4758.965   23.0051     2.245    -4.904 
4758.965   23.0051     2.245    -5.029 
4758.968   23.0051     2.245    -4.562 
4758.968   23.0051     2.245    -4.883 
4758.968   23.0051     2.245    -5.360 
4758.974      25.0     4.636     -4.20 
4758.975      14.0     4.950     -2.43 