# 
4648.320      24.0     2.998     -2.20 
4648.510      20.0     5.014     -5.57 
4648.513      58.1     1.041     -1.78 
4648.593      64.0     1.530      0.44 
4648.626      26.0     4.581     -1.80 
4648.630      62.1     0.333     -2.35 
4648.636      26.0     3.692     -4.09 
4648.637      57.0     0.331     -1.05 
4648.646      27.0     2.716     -2.80 
4648.652      28.0     3.417     -0.09 
4648.653      22.0     3.111     -2.91 
4648.680      27.0     2.868     -4.18 
4648.689      23.0     2.579     -2.71 
4648.707      64.0     1.283      0.20 
4648.711      24.0     4.529     -2.95 
4648.788      26.0     4.442     -4.37 
4648.868      24.0     2.542     -1.54 
4648.868      24.0     3.553     -0.70 
4648.877      26.0     4.368     -3.08 
4648.907      26.0     4.603     -2.62 
4648.944      26.1     2.581     -4.39 
4648.944      41.0     0.142     -0.90 
4648.974      26.0     3.265     -5.42 
4648.981      27.0     4.206     -2.65 
4648.984      26.0     4.188     -2.43 
4649.032      20.0     5.045     -7.78 
4649.059      42.0     3.199     -1.39 
4649.062      42.0     3.209     -1.64 
4649.110      24.0     2.870     -4.11 
4649.113      25.1     6.172     -4.77 
4649.126      42.0     3.031     -1.74 
4649.160      62.1     0.659     -1.92 
4649.257      24.0     3.553     -4.28 
4649.391      20.0     5.386     -5.35 
4649.392   23.0051     1.868    -5.578 
4649.392   23.0051     1.868    -5.599 
4649.392   23.0051     1.868    -5.724 
4649.434   23.0051     1.868    -5.257 
4649.434   23.0051     1.868    -5.578 
4649.434   23.0051     1.868    -6.055 
4649.457      24.0     2.543     -2.52 
4649.469      24.0     3.553     -0.26 
4649.491      62.0     0.101     -0.23 
4649.510      24.0     3.447     -3.87 
4649.675      23.0     2.682     -4.66 
4649.690      27.0     4.144     -2.32 
4649.724      20.0     4.621     -3.99 
4649.727      25.1     6.181     -4.02 
4649.780      26.0     2.725     -5.74 
4649.817      26.0     3.234     -2.69 
4649.822      25.0     4.682     -3.23 
4649.879      58.0     0.000     -0.59 
4649.980      64.1     0.601     -2.26 
4649.995      23.1     3.121     -5.05 
4650.010      22.0     1.738     -0.64 
4650.020      26.1     4.728     -4.92 
4650.027      26.0     4.604     -4.24 
4650.036      26.0     3.298     -5.20 
4650.218   21.0045     1.432    -5.538 
4650.218   21.0045     1.432    -5.793 
4650.218   21.0045     1.432    -5.823 
4650.220   21.0045     1.432    -5.350 
4650.220   21.0045     1.432    -5.405 
4650.220   21.0045     1.432    -5.793 
4650.224   21.0045     1.432    -5.150 
4650.224   21.0045     1.432    -5.259 
4650.224   21.0045     1.432    -5.844 
4650.228   21.0045     1.432    -4.952 
4650.228   21.0045     1.432    -5.237 
4650.228   21.0045     1.432    -5.969 
4650.234   21.0045     1.432    -4.788 
4650.234   21.0045     1.432    -5.291 
4650.234   21.0045     1.432    -6.191 
4650.240   21.0045     1.432    -4.647 
4650.240   21.0045     1.432    -5.487 
4650.240   21.0045     1.432    -6.601 
4650.315      26.0     4.317     -2.13 
4650.319      57.0     0.373     -1.38 
4650.608   23.0051     0.262    -6.762 
4650.608   23.0051     0.262    -6.783 
4650.608   23.0051     0.262    -6.908 
4650.618      58.0     0.028     -0.37 
4650.630   23.0051     0.262    -6.441 
4650.630   23.0051     0.262    -6.762 
4650.630   23.0051     0.262    -7.239 
4650.634      22.0     2.660     -3.23 
4650.719      22.0     3.177     -3.61 
4650.802   23.0051     1.892    -3.515 
4650.802   23.0051     1.892    -3.515 
4650.802   23.0051     1.892    -3.816 
4650.813      23.1     6.681     -4.43 
4650.819   23.0051     1.892    -3.351 
4650.819   23.0051     1.892    -3.377 
4650.819   23.0051     1.892    -3.691 
4650.842   23.0051     1.892    -3.094 
4650.842   23.0051     1.892    -3.343 
4650.842   23.0051     1.892    -3.941 
4650.871   23.0051     1.892    -2.878 
4650.871   23.0051     1.892    -3.504 
4650.871   23.0051     1.892    -4.369 
4650.874      26.0     3.299     -4.22 
4650.996      24.0     4.613     -3.81 
4651.035      20.0     4.776     -5.30 
4651.035      42.0     3.690     -0.50 
4651.060      26.0     3.015     -3.95 
4651.084      20.0     5.916     -4.71 
4651.119      29.0     5.068      0.04 
4651.143   23.0051     2.121    -5.560 
4651.145   23.0051     2.121    -5.280 
4651.145   23.0051     2.121    -5.560 
4651.145   23.0051     2.121    -6.581 
4651.149   23.0051     2.121    -5.142 
4651.149   23.0051     2.121    -5.280 
4651.149   23.0051     2.121    -5.882 
4651.155   23.0051     2.121    -5.076 
4651.155   23.0051     2.121    -5.142 
4651.155   23.0051     2.121    -5.435 
4651.163   23.0051     2.121    -5.069 
4651.163   23.0051     2.121    -5.076 
4651.163   23.0051     2.121    -5.104 
4651.173   23.0051     2.121    -4.841 
4651.173   23.0051     2.121    -5.069 
4651.173   23.0051     2.121    -5.134 
4651.184   23.0051     2.121    -4.622 
4651.184   23.0051     2.121    -5.134 
4651.184   23.0051     2.121    -5.338 
4651.198   23.0051     2.121    -4.435 
4651.198   23.0051     2.121    -5.338 
4651.213      26.0     2.607     -7.06 
4651.291      24.0     0.982     -1.46 
4651.358   23.0051     1.892    -5.649 
4651.358   23.0051     1.892    -5.649 
4651.358   23.0051     1.892    -5.950 
4651.375   23.0051     1.892    -5.485 
4651.375   23.0051     1.892    -5.511 
4651.375   23.0051     1.892    -5.825 
4651.398   23.0051     1.892    -5.228 
4651.398   23.0051     1.892    -5.477 
4651.398   23.0051     1.892    -6.075 
4651.419      23.1     2.219     -4.76 
4651.428   23.0051     1.892    -5.012 
4651.428   23.0051     1.892    -5.638 
4651.428   23.0051     1.892    -6.503 
4651.499      59.1     0.204     -0.77 
4651.527      25.0     4.426     -3.98 
4651.530      66.1     0.540     -2.21 
4651.555      90.1     0.908     -1.45 
4651.611      24.0     3.889     -4.51 
4651.754      27.0     4.172     -3.67 
4651.990      90.1     0.189     -2.83 
4652.079      57.0     0.433     -1.19 
4652.087      20.0     5.917     -2.98 
4652.157      24.0     1.003     -1.04 
4652.166      26.0     4.730     -2.89 
4652.244      42.0     3.551     -0.45 
4652.373      60.0     0.000     -0.81 
4652.414      13.0     3.140     -3.12 
4652.419      23.0     2.581     -2.51 
4652.469      27.0     1.048     -4.06 
4652.512      13.0     3.140     -3.43 
4652.543      22.0     2.660     -1.96 
4652.644      27.0     4.146     -3.71 
4652.905   23.0051     1.944    -2.868 
4652.905   23.0051     1.944    -3.123 
4652.905   23.0051     1.944    -3.153 
4652.909   23.0051     1.944    -2.680 
4652.909   23.0051     1.944    -2.735 
4652.909   23.0051     1.944    -3.123 
4652.916   23.0051     1.944    -2.480 
4652.916   23.0051     1.944    -2.589 
4652.916   23.0051     1.944    -3.174 
4652.925   23.0051     1.944    -2.282 
4652.925   23.0051     1.944    -2.567 
4652.925   23.0051     1.944    -3.299 
4652.934      23.0     2.614     -6.91 
4652.936   23.0051     1.944    -2.118 
4652.936   23.0051     1.944    -2.621 
4652.936   23.0051     1.944    -3.521 
4652.949   23.0051     1.944    -1.977 
4652.949   23.0051     1.944    -2.817 
4652.949   23.0051     1.944    -3.931 
4653.053      27.1     3.865     -4.21 
4653.197      24.0     4.398     -4.47 
4653.279      24.0     4.614     -1.41 
4653.309      27.0     4.146     -3.38 
4653.373      26.0     4.073     -2.37 
4653.430      26.0     3.265     -3.05 
4653.482      26.0     3.571     -7.79 
4653.489      26.0     0.989     -4.46 
4653.552      64.0     0.790      0.11 
4653.573      42.0     4.200     -0.91 
4653.618      26.1     3.900     -9.13 
4653.689      42.0     3.697     -1.20 
4653.729      24.0     4.413     -1.68 
4653.750      64.1     1.101     -1.82 
4653.771      27.0     2.540     -2.45 
4653.784      39.0     1.982     -0.52 
4654.020      59.1     0.648     -1.60 
4654.184      27.0     4.146     -2.88 
4654.206      23.0     2.876     -1.50 
4654.227      21.1     6.903     -5.11 
4654.228      22.0     2.504     -4.99 
4654.278      58.1     0.521     -0.95 