# 
4659.507   23.0051     0.267    -5.790 
4659.507   23.0051     0.267    -6.201 
4659.740      25.0     4.191     -3.84 
4659.816      25.1     6.107     -4.20 
4659.830      64.1     1.424     -1.53 
4659.853      74.0     0.000     -1.90 
4659.898      22.0     3.291     -3.83 
4659.938      58.1     0.956     -1.15 
4660.196      23.0     2.503     -9.99 
4660.220      23.1     4.002     -4.81 
4660.244      22.0     2.115     -6.04 
4660.426      26.0     4.431     -2.99 
4660.453      24.0     4.446     -2.28 
4660.511      24.0     3.665     -2.92 
4660.549   23.0051     1.948    -3.851 
4660.552   23.0051     1.948    -3.571 
4660.552   23.0051     1.948    -3.851 
4660.552   23.0051     1.948    -4.872 
4660.559   23.0051     1.948    -3.433 
4660.559   23.0051     1.948    -3.571 
4660.559   23.0051     1.948    -4.173 
4660.568   23.0051     1.948    -3.367 
4660.568   23.0051     1.948    -3.433 
4660.568   23.0051     1.948    -3.726 
4660.577      26.0     4.792     -4.06 
4660.581   23.0051     1.948    -3.360 
4660.581   23.0051     1.948    -3.367 
4660.581   23.0051     1.948    -3.395 
4660.598   23.0051     1.948    -3.132 
4660.598   23.0051     1.948    -3.360 
4660.598   23.0051     1.948    -3.425 
4660.617   23.0051     1.948    -2.913 
4660.617   23.0051     1.948    -3.425 
4660.617   23.0051     1.948    -3.629 
4660.640   23.0051     1.948    -2.726 
4660.640   23.0051     1.948    -3.629 
4660.656      27.1     3.358     -2.21 
4660.696      57.0     0.998     -0.76 
4660.769      23.0     2.636     -6.07 
4660.887      26.0     4.470     -3.38 
4660.910      24.0     3.435     -1.76 
4660.928      26.1     4.734     -6.92 
4660.960      20.0     4.677     -5.04 
4661.078      73.0     1.654     -1.23 
4661.095      25.0     4.432     -3.04 
4661.193      24.0     3.009     -3.03 
4661.228      74.0     2.785     -0.78 
4661.240      23.0     2.576     -4.74 
4661.260      22.0     0.899     -5.51 
4661.284      25.0     5.130     -4.01 
4661.324      26.0     2.829     -4.07 
4661.355      20.0     5.881     -5.04 
4661.460      24.1     6.600     -4.00 
4661.535      26.0     4.555     -1.27 
4661.547      22.1     5.419     -3.54 
4661.547      24.0     5.107     -2.11 
4661.556      27.1     3.457     -4.00 
4661.606   21.0045     1.438    -5.672 
4661.608   21.0045     1.438    -5.392 
4661.608   21.0045     1.438    -5.672 
4661.608   21.0045     1.438    -6.693 
4661.611   21.0045     1.438    -5.254 
4661.611   21.0045     1.438    -5.392 
4661.611   21.0045     1.438    -5.994 
4661.617   21.0045     1.438    -5.188 
4661.617   21.0045     1.438    -5.254 
4661.617   21.0045     1.438    -5.547 
4661.624   21.0045     1.438    -5.181 
4661.624   21.0045     1.438    -5.188 
4661.624   21.0045     1.438    -5.216 
4661.633   21.0045     1.438    -4.953 
4661.633   21.0045     1.438    -5.181 
4661.633   21.0045     1.438    -5.246 
4661.644   21.0045     1.438    -4.734 
4661.644   21.0045     1.438    -5.246 
4661.644   21.0045     1.438    -5.450 
4661.657   21.0045     1.438    -4.547 
4661.657   21.0045     1.438    -5.450 
4661.758      20.0     4.677     -3.71 
4661.784      40.1     2.408     -0.80 
4661.843   25.0055     2.918    -2.887 
4661.843   25.0055     2.918    -3.805 
4661.843   25.0055     2.918    -5.022 
4661.847   25.0055     2.918    -3.027 
4661.847   25.0055     2.918    -3.629 
4661.847   25.0055     2.918    -4.670 
4661.848      20.0     4.760     -2.71 
4661.849   25.0055     2.918    -3.185 
4661.849   25.0055     2.918    -3.603 
4661.849   25.0055     2.918    -4.545 
4661.851   25.0055     2.918    -3.369 
4661.851   25.0055     2.918    -3.670 
4661.851   25.0055     2.918    -4.624 
4661.852   25.0055     2.918    -3.591 
4661.852   25.0055     2.918    -3.846 
4661.853   25.0055     2.918    -3.876 
4661.864      24.0     4.156     -0.74 
4661.878      63.0     0.000      0.45 
4661.887      23.0     2.860     -1.98 
4661.922      42.0     1.419     -2.04 
4661.947      25.1     6.172     -5.49 
4661.970      26.0     2.988     -2.46 
4661.971      74.0     1.915     -1.49 
4662.006      26.0     4.412     -3.36 
4662.097      26.0     2.725     -5.66 
4662.100      24.0     4.446     -3.67 
4662.103   23.0051     1.217    -5.942 
4662.103   23.0051     1.217    -6.197 
4662.103   23.0051     1.217    -6.227 
4662.105   23.0051     1.217    -5.754 
4662.105   23.0051     1.217    -5.809 
4662.105   23.0051     1.217    -6.197 
4662.108   23.0051     1.217    -5.554 
4662.108   23.0051     1.217    -5.663 
4662.108   23.0051     1.217    -6.248 
4662.111   23.0051     1.217    -5.356 
4662.111   23.0051     1.217    -5.641 
4662.111   23.0051     1.217    -6.373 
4662.115   23.0051     1.217    -5.192 
4662.115   23.0051     1.217    -5.695 
4662.115   23.0051     1.217    -6.595 
4662.120   23.0051     1.217    -5.051 
4662.120   23.0051     1.217    -5.891 
4662.120   23.0051     1.217    -7.005 
4662.352      22.0     3.282     -4.07 
4662.402      24.0     3.008     -2.73 
4662.404      27.0     4.146     -4.06 
4662.409      20.0     5.014     -5.54 
4662.450      25.0     5.177     -2.87 
4662.477   57.1139     0.000    -2.951 
4662.478      75.0     1.713     -1.88 
4662.481   57.1139     0.000    -2.511 
4662.485   57.1139     0.000    -2.240 
4662.490   57.1139     0.000    -2.252 
4662.491   57.1139     0.000    -2.136 
4662.492   57.1139     0.000    -2.256 
4662.502   57.1139     0.000    -2.511 
4662.504   57.1139     0.000    -2.056 
4662.506   57.1139     0.000    -1.763 
4662.643      23.1     3.796     -3.13 
4662.700      20.0     5.923     -7.28 
4662.724      66.0     2.287      0.57 
4662.741      22.1     1.164     -3.43 
4662.759      42.0     1.469     -1.48 
4662.778      22.1     1.179     -3.85 
4662.794   23.0051     1.954    -5.187 
4662.794   25.0055     2.951    -4.696 
4662.794   25.0055     2.951    -4.793 
4662.794   25.0055     2.951    -4.809 
4662.801   23.0051     1.954    -5.069 
4662.801   23.0051     1.954    -5.639 
4662.812   23.0051     1.954    -4.951 
4662.812   23.0051     1.954    -5.428 
4662.812   23.0051     1.954    -6.639 
4662.819   25.0055     2.951    -4.332 
4662.819   25.0055     2.951    -4.696 
4662.819   25.0055     2.951    -5.240 
4662.827   23.0051     1.954    -4.839 
4662.827   23.0051     1.954    -5.332 
4662.827   23.0051     1.954    -6.432 
4662.846   23.0051     1.954    -4.735 
4662.846   23.0051     1.954    -5.296 
4662.846   23.0051     1.954    -6.404 
4662.868   23.0051     1.954    -4.639 
4662.868   23.0051     1.954    -5.312 
4662.868   23.0051     1.954    -6.484 
4662.894   23.0051     1.954    -4.549 
4662.894   23.0051     1.954    -5.394 
4662.894   23.0051     1.954    -6.676 
4662.923   23.0051     1.954    -4.465 
4662.923   23.0051     1.954    -5.612 
4662.923   23.0051     1.954    -7.065 
4662.954      25.1     5.490     -5.81 
4662.960      60.1     0.550     -1.67 
4663.178      26.0     3.544     -2.42 
4663.203      90.0     0.355     -1.92 
4663.230      58.1     1.499     -0.66 
4663.283      27.0     4.146     -4.49 
4663.311      24.0     3.099     -0.56 
4663.400      27.0     3.131     -0.25 
4663.460      24.0     5.107     -3.44 
4663.550      62.0     0.282     -0.16 
4663.615   25.0055     2.939    -3.450 
4663.615   25.0055     2.939    -4.139 
4663.615   25.0055     2.939    -5.093 
4663.616   25.0055     2.939    -3.662 
4663.616   25.0055     2.939    -3.935 
4663.616   25.0055     2.939    -3.993 
4663.616   25.0055     2.939    -4.014 
4663.616   25.0055     2.939    -4.169 
4663.616   25.0055     2.939    -4.345 
4663.616   25.0055     2.939    -4.491 
4663.616   25.0055     2.939    -4.537 
4663.616   25.0055     2.939    -4.713 
4663.644      24.0     4.529     -3.61 
4663.677      22.0     3.348     -1.94 
4663.708      26.1     2.889     -4.26 
4663.748      24.0     3.009     -2.94 
4663.748      92.0     0.077     -1.47 
4663.757      57.1     1.954     -0.31 
4663.785      22.0     3.332     -1.87 
4663.816      24.0     3.108     -0.39 
4663.818      41.0     0.197     -0.74 
4663.824      76.0     1.907     -1.28 
4663.882      26.0     4.590     -2.79 
4663.970      27.0     3.684     -2.58 
4663.998      26.0     4.442     -4.27 
4664.009      23.0     1.871     -1.96 
4664.011      20.0     5.045     -4.13 
4664.014      26.0     3.981     -3.67 
4664.044      21.0     4.963     -3.66 
4664.046      20.0     5.923     -1.40 
4664.086      24.0     3.011     -2.04 
4664.140      72.1     1.601     -1.15 
4664.149      58.1     0.559     -1.97 
4664.231      25.1     6.181     -4.02 
4664.263      64.1     2.207     -0.27 
4664.319      28.0     3.633     -4.57 
4664.463      26.0     4.545     -4.25 
4664.467      24.0     3.009     -3.18 
4664.482      24.1     6.573     -3.85 
4664.531      24.0     4.156     -1.25 
4664.599      26.1     4.833     -4.54 
4664.603      25.0     4.791     -3.20 
4664.641      26.0     4.206     -3.96 
4664.650      59.1     0.422     -0.88 
4664.667      66.1     0.538     -1.66 
4664.718      26.0     2.843     -3.49 
4664.768      26.0     4.470     -4.04 
4664.775      26.1     2.578     -6.95 
4664.778      25.0     4.636     -3.61 
4664.782      24.0     3.123     -0.30 
4664.811      11.0     2.101     -1.55 
4664.844      26.0     4.555     -2.10 
4664.960   23.0051     1.892    -3.702 
4664.960   23.0051     1.892    -3.702 
4664.960   23.0051     1.892    -4.003 
4664.970      24.0     3.011     -5.08 
4664.978   23.0051     1.892    -3.538 
4664.978   23.0051     1.892    -3.564 
4664.978   23.0051     1.892    -3.878 
4664.989      22.0     2.576     -5.68 
4665.001   23.0051     1.892    -3.281 
4665.001   23.0051     1.892    -3.530 
4665.001   23.0051     1.892    -4.128 
4665.016      24.0     3.419     -3.19 
4665.030   23.0051     1.892    -3.065 
4665.030   23.0051     1.892    -3.691 
4665.030   23.0051     1.892    -4.556 
4665.115      27.0     4.146     -3.36 
4665.120      62.1     0.434     -1.42 
4665.251   23.0051     2.129    -8.597 
4665.251   23.0051     2.129    -8.664 
4665.251   23.0051     2.129    -9.296 
4665.255      26.0     4.383     -2.19 
4665.257   23.0051     2.129    -8.401 
4665.257   23.0051     2.129    -8.401 
4665.257   23.0051     2.129    -9.141 
4665.265   23.0051     2.129    -8.197 
4665.265   23.0051     2.129    -8.296 
4665.265   23.0051     2.129    -9.141 
4665.277   23.0051     2.129    -8.027 
4665.277   23.0051     2.129    -8.249 
4665.277   23.0051     2.129    -9.238 
4665.278      23.0     2.357     -2.29 
4665.280      58.1     1.212     -1.00 
4665.291   23.0051     2.129    -7.881 
4665.291   23.0051     2.129    -8.255 
4665.291   23.0051     2.129    -9.442 
4665.309   23.0051     2.129    -7.752 
4665.309   23.0051     2.129    -8.328 
4665.309   23.0051     2.129    -9.840 
4665.320      41.0     1.522     -1.48 
4665.329   23.0051     2.129    -7.636 
4665.329   23.0051     2.129    -8.539 
4665.352   23.0051     2.129    -7.531 
4665.378      42.0     2.474     -2.14 
4665.470      23.1     6.096     -3.84 