# 
6138.721      24.1     6.479     -1.97 
6138.887      26.0     4.962     -3.55 
6138.972      22.0     3.918     -2.88 
6139.182      26.0     3.299     -5.05 
6139.279      62.0     1.622     -0.31 
6139.341      42.0     2.834     -2.40 
6139.344      24.0     5.462     -3.08 
6139.370      23.0     1.802     -6.02 
6139.438      23.0     1.711     -4.91 
6139.644      26.0     2.586     -4.50 
6139.713      26.0     4.590     -3.85 
6139.861      26.0     4.253     -3.58 
6139.947      23.0     3.236     -1.35 
6139.992      23.0     3.645     -4.32 
6140.064      73.0     3.248     -0.53 
6140.141      26.0     5.341     -3.98 
6140.486      24.0     3.885     -3.12 
6140.535      40.0     0.519     -1.41 
6140.599      62.0     1.910      0.06 
6140.618      25.0     4.357     -3.95 
6140.659      23.0     2.636     -6.17 
6140.739      71.0     2.659     -0.86 
6141.033      26.1     3.228     -5.10 
6141.154      23.0     2.721     -5.18 
6141.154      24.0     3.884     -3.22 
6141.215      26.0     5.330     -3.51 
6141.236      26.0     5.315     -3.15 
6141.384      23.1     2.599     -4.87 
6141.461      24.0     5.745     -3.46 
6141.510      59.1     1.162     -1.07 
6141.512      20.0     5.724     -5.20 
6141.581      20.0     5.317     -2.50 
6141.597      26.0     4.183     -3.12 
6141.631      42.0     2.756     -2.55 
6141.640      22.0     2.486     -4.61 
6141.725   56.1135     0.704    -2.456 
6141.725   56.1137     0.704    -2.456 
6141.727   56.1135     0.704    -1.311 
6141.727   56.1137     0.704    -1.311 
6141.728   56.1135     0.704    -2.284 
6141.728   56.1137     0.704    -2.284 
6141.729   56.1135     0.704    -0.503 
6141.729   56.1135     0.704    -1.214 
6141.729   56.1137     0.704    -0.503 
6141.729   56.1137     0.704    -1.214 
6141.730   56.1134     0.704    -0.077 
6141.730   56.1136     0.704    -0.077 
6141.730   56.1138     0.704    -0.077 
6141.731   56.1135     0.704    -0.709 
6141.731   56.1135     0.704    -1.327 
6141.731   56.1137     0.704    -0.709 
6141.731   56.1137     0.704    -1.327 
6141.732      26.0     3.600     -1.46 
6141.732   56.1135     0.704    -0.959 
6141.732   56.1135     0.704    -1.281 
6141.732   56.1137     0.704    -0.959 
6141.733   56.1137     0.704    -1.281 
6141.734      22.0     3.321     -3.51 
6141.757      21.0     5.822     -2.64 
6141.769      24.0     4.201     -2.49 
6141.836      24.0     3.884     -2.74 
6141.868   23.0051     1.080    -4.465 
6141.868   23.0051     1.080    -5.368 
6141.882   23.0051     1.080    -4.652 
6141.882   23.0051     1.080    -5.164 
6141.882   23.0051     1.080    -5.368 
6141.895   23.0051     1.080    -4.871 
6141.895   23.0051     1.080    -5.099 
6141.895   23.0051     1.080    -5.164 
6141.905   23.0051     1.080    -5.099 
6141.905   23.0051     1.080    -5.106 
6141.905   23.0051     1.080    -5.134 
6141.913   23.0051     1.080    -5.106 
6141.913   23.0051     1.080    -5.172 
6141.913   23.0051     1.080    -5.465 
6141.919   23.0051     1.080    -5.172 
6141.919   23.0051     1.080    -5.310 
6141.919   23.0051     1.080    -5.912 
6141.923   23.0051     1.080    -5.310 
6141.923   23.0051     1.080    -5.590 
6141.923   23.0051     1.080    -6.611 
6141.925   23.0051     1.080    -5.590 
6142.027      28.0     4.150     -1.94 
6142.150      24.1     4.009     -7.63 
6142.204      14.0     5.615     -2.26 
6142.237      24.0     3.885     -2.55 
6142.309      26.0     5.382     -3.63 
6142.350      25.0     5.668     -2.77 
6142.410      24.0     4.204     -4.27 
6142.483      14.0     5.615     -0.92 
6142.486      24.1     4.771     -6.03 
6142.503      22.0     3.152     -3.06 
6142.536      24.0     3.886     -3.63 
6142.546      41.0     1.846     -1.43 
6142.777      24.0     5.090     -1.66 
6142.825      23.0     4.228     -4.37 
6142.825      25.1     6.107     -6.05 
6142.919      24.0     3.885     -2.91 
6142.928      58.0     0.552     -0.99 
6143.006      25.1     6.828     -2.80 
6143.125      14.0     5.959     -2.79 
6143.252      40.0     0.071     -1.10 
6143.320      24.0     4.774     -2.63 
6143.350      22.0     3.087     -2.33 
6143.376      58.1     1.694     -0.80 
6143.378      26.0     5.082     -3.81 
6143.622      62.0     1.667     -0.44 
6143.648      27.0     1.048     -7.32 
6143.667      22.0     3.567     -3.73 
6143.686      26.0     4.981     -3.73 
6143.746      27.0     3.729     -1.69 
6143.904      28.0     5.299     -3.25 
6143.916      74.0     2.785     -1.37 
6143.922      24.0     3.886     -2.44 
6144.277      26.0     5.316     -2.71 
6144.301      24.0     4.093     -3.62 
6144.528      73.0     1.324     -1.74 
6144.543      76.0     1.083     -3.19 