# 
2833.030      82.0      0.00     -0.50 
3193.530      72.1      0.38     -0.89 
3230.580      68.1      0.06     +0.24 
3312.430      68.1      0.06     -0.03 
3505.220      72.1      1.04     -0.14 
3513.650      77.0      0.00     -1.21 
3539.590      90.1      0.00     -0.54 
3683.460      82.0      0.97     -0.54 
3724.930      63.1      0.00     -0.09 
3729.520      68.1      0.00     -0.59 
3794.770      57.1      0.24     +0.21 
3800.120      77.0      0.00     -1.44 
3819.670      63.1      0.00     +0.51 
3830.480      68.1      0.00     -0.22 
3896.230      68.1      0.06     -0.12 
3906.310      68.1      0.00     +0.12 
3907.110      63.1      0.21     +0.17 
3918.090      72.1      0.45     -1.14 
3930.500      63.1      0.21     +0.27 
3971.970      63.1      0.21     +0.27 
3988.510      57.1      0.40     +0.21 
3995.740      57.1      0.17     -0.06 
4019.130      90.1      0.00     -0.23 
4057.810      82.0      1.32     -0.22 
4086.520      90.1      0.00     -0.93 
4086.710      57.1      0.00     -0.07 
4093.150      72.1      0.45     -1.15 
4094.750      90.1      0.00     -0.88 
4123.220      57.1      0.32     +0.13 
4129.720      63.1      0.00     +0.22 
4205.040      63.1      0.00     +0.21 
4435.580      63.1      0.21     -0.11 