# 
3215.591      41.1      0.44    −0.190 
3242.700      46.0      0.81    −0.070 
3280.679      47.0      0.00    −0.050 
3351.229      90.1      0.19    −0.600 
3382.889      47.0      0.00    −0.377 
3396.819      45.0      0.00     0.050 
3399.793      72.1      0.00    −0.490 
3404.579      46.0      0.81     0.320 
3433.999      90.1      0.23    −0.537 
3434.885      45.0      0.00     0.450 
3435.977      90.1      0.00    −0.670 
3436.736      44.0      0.15     0.015 
3469.921      90.1      0.51    −0.129 
3498.942      44.0      0.00     0.310 
3513.648      77.0      0.00    −1.260 
3634.690      46.0      0.81     0.090 
3658.886      65.1      0.13    −0.010 
3675.567      90.1      0.19    −0.840 
3692.358      45.0      0.00     0.174 
3692.649      68.1      0.05     0.138 
3700.256      69.1      0.03    −0.290 
3702.853      65.1      0.13     0.440 
3719.276      72.1      0.61    −0.870 
3724.931      63.1      0.00    −0.090 
3728.025      44.0      0.00     0.270 
3761.333      69.1      0.00    −0.250 
3768.396      64.1      0.08     0.250 
3774.331      39.1      0.13     0.210 
3786.836      68.1      0.00    −0.640 
3788.694      39.1      0.10    −0.070 
3793.978      62.1      0.10    −0.500 
3795.760      69.1      0.03    −0.170 
3796.384      64.1      0.03     0.030 
3798.898      44.0      0.15    −0.040 
3799.349      44.0      0.00     0.020 
3800.120      77.0      0.00    −1.450 
3818.341      39.1      0.13    −0.980 
3830.482      68.1      0.00    −0.360 
3836.762      40.1      0.56    −0.060 
3836.915      64.1      0.49    −0.320 
3844.578      64.1      0.14    −0.510 
3848.020      69.1      0.00    −0.520 
3848.734      65.1      0.00     0.280 
3849.006      57.1      0.00    −0.450 
3859.571      92.1     0.036    −0.067 
3869.864      66.1      0.00    −0.940 
3874.168      65.1      0.00     0.270 
3891.776      56.1      2.51     0.280 
3896.234      68.1      0.05    −0.240 
3896.972      62.1      0.04    −0.580 
3899.188      65.1      0.37     0.330 
3916.509      64.1      0.60     0.060 
3930.499      63.1      0.21     0.270 
3938.626      68.1      0.00    −0.520 
3950.352      39.1      0.10    −0.490 
3964.262      59.1      0.22    −0.400 
3964.812      59.1      0.05     0.090 
3965.253      59.1      0.20    −0.130 
3971.972      63.1      0.21     0.270 
3973.260      60.1      0.63     0.430 
3996.689      66.1      0.59    −0.190 
4002.566      65.1      0.64     0.100 
4005.467      65.1      0.13    −0.020 
4011.285      66.1      0.93    −0.630 
4018.823      60.1      0.06    −0.880 
4019.129      90.1      0.00    −0.228 
4021.327      60.1      0.32    −0.170 
4023.222      62.1      0.04    −0.830 
4037.893      64.1      0.73     0.070 
4057.807      82.0      1.32    −0.170 
4061.080      60.1      0.47     0.300 
4062.805      59.1      0.42     0.330 
4068.324      62.1      0.43    −0.710 
4069.265      60.1      0.06    −0.400 
4073.474      58.1      0.48     0.320 
4077.709      38.1      0.00     0.170 
4083.222      58.1      0.70     0.240 
4085.558      64.1      0.56    −0.230 
4086.521      90.1      0.00    −0.929 
4086.709      57.1      0.00    −0.070 
4094.747      90.1      0.00    −0.885 
4103.306      66.1      0.10    −0.370 
4109.448      60.1      0.32     0.180 
4120.827      58.1      0.32    −0.240 
4123.218      57.1      0.32     0.130 
4127.364      58.1      0.68     0.240 
4129.725      63.1      0.00     0.220 
4130.366      64.1      0.73     0.140 
4130.645      56.1      2.72     0.560 
4135.775      76.0      0.52    −1.260 
4161.213      40.1      0.71    −0.720 
4161.792      38.1      2.94    −0.600 
4191.075      64.1      0.43    −0.680 
4205.042      63.1      0.00     0.210 
4208.977      40.1      0.71    −0.460 
4215.519      38.1      0.00    −0.170 
4222.597      58.1      0.12    −0.180 
4232.374      60.1      0.06    −0.350 
4260.848      76.0      0.00    −1.440 
4317.299      40.1      0.71    −1.380 
4318.927      62.1      0.28    −0.270 
4398.013      39.1      0.13    −1.000 
4418.780      58.1      0.86     0.310 
4420.468      76.0      0.00    −1.530 
4435.578      63.1      0.21    −0.110 
4446.384      60.1      0.20    −0.630 
4462.979      60.1      0.56    −0.070 
4468.138      66.1      0.10    −1.500 
4486.909      58.1      0.30    −0.360 
4496.980      40.1      0.71    −0.590 
4499.475      62.1      0.25    −1.010 
4519.630      62.1      0.54    −0.430 
4522.581      63.1      0.21    −0.670 
4537.941      62.1      0.48    −0.230 
4554.029      56.1      0.00     0.170 
4562.359      58.1      0.48     0.330 
4577.688      62.1      0.25    −0.770 
4628.161      58.1      0.52     0.260 
4883.684      39.1      1.08     0.070 
4934.076      56.1      0.00    −0.150 
5087.416      39.1      1.08    −0.170 
5122.988      57.1      0.32    −0.850 
5123.211      39.1      0.99    −0.830 
5130.586      60.1      1.30     0.100 
5169.688      66.1      0.10    −1.660 
5200.406      39.1      0.99    −0.570 
5205.724      39.1      1.03    −0.340 
5212.361      60.1      0.20    −0.700 
5220.108      59.1      0.80     0.170 
5234.194      60.1      0.55    −0.460 
5249.576      60.1      0.98     0.080 
5259.728      59.1      0.63    −0.070 
5293.163      60.1      0.82    −0.200 
5311.453      60.1      0.99    −0.560 
5319.815      60.1      0.55    −0.350 
5361.467      60.1      0.68    −0.400 
5442.264      60.1      0.68    −0.900 
5853.668      56.1      0.60    −1.010 
6141.713      56.1      0.70    −0.070 
6320.376      57.1      0.17    −1.520 
6437.640      63.1      1.32    −0.320 
6645.064      63.1      1.38     0.120 