# 
4604.988      28.0     3.477     -0.24                     
4609.265      22.1     1.179     -3.32                     
4609.267      40.0     0.650     -2.07                     
4609.342      22.0     3.317     -2.07                     
4613.921      40.1     0.971     -1.52                     
4613.965      69.0     2.199     -0.06                     
4613.972      40.1     0.971     -1.52                     
4616.124      24.0     0.982     -1.19                     
4616.158      41.0     0.197     -1.26                     
4616.241      24.1     5.666     -1.64                     
4617.269      22.0     1.748      0.44                     
4617.269      66.1     0.589     -1.86                     
4625.922      24.0     3.847     -0.31                     
4626.025      24.0     4.528     -0.96                     
4626.173      24.0     0.968     -1.33                     
4633.998      24.0     3.548     -1.81                     
4634.073      24.1     4.069     -0.98                     
4636.320      22.1     1.164     -2.85                     
4646.162      24.0     1.029     -0.74                     
4646.264      24.0     4.204     -1.69                     
4646.291      42.0     3.196     -1.78                     
4646.330      64.1     1.287     -1.18                     
4646.360      57.0     1.234     -0.40                     
4651.291      24.0     0.982     -1.46                     
4652.157      24.0     1.003     -1.04                     
4652.244      42.0     3.551     -0.45                     
4656.469      22.0     0.000     -1.34                     
4657.201      22.1     1.242     -2.29                     
4680.134      30.0     4.003     -0.81                     
4681.785      44.0     1.138     -1.09                     
4681.909      22.0     0.048     -1.07                     
4681.921      69.0     1.087     -0.68                     
4681.933      42.0     3.154     -1.83                     
4682.093      22.0     3.334     -2.52                     
4682.325      39.1     0.408     -1.51                     
4686.098      28.0     3.655     -1.17                     
4686.213      28.0     3.594     -0.59                     
4702.991      12.0     4.343     -0.67                     
4706.540      60.1     0.000     -0.71                     
4708.415      22.0     3.196     -3.80                     
4708.429      22.0     1.872     -6.88                     
4708.663      22.1     1.236     -2.35                     
4708.852      72.0     2.837     -0.20                     
4708.858      39.0     1.886     -0.82                     
4714.417      28.0     3.377      0.25                     
4722.153      30.0     4.027     -0.34                     
4753.744      25.1     6.523     -4.47                     
4753.893      25.0     5.210     -0.96                     
4753.930      19.0     1.616     -2.97                     
4754.056      25.1     6.135     -3.08                     
4755.885      42.0     3.315     -1.44                     
4756.051      24.0     2.985     -2.91                     
4756.112      24.0     3.102      0.09                     
4756.164      24.0     4.102     -3.51                     
4756.238      44.0     1.062     -1.74                     
4756.314      24.0     4.407     -4.18                     
4759.054      22.0     1.738     -5.40                     
4759.055      22.0     3.177     -3.23                     
4759.083      60.0     0.456     -0.40                     
4759.142      22.0     2.776     -2.54                     
4759.270      22.0     2.254      0.59                     
4759.341      60.0     0.000     -1.12                     
4764.525      22.1     1.236     -2.69                     
4766.002      25.0     4.422     -1.73                     
4766.664      25.0     5.195     -0.56                     
4779.985      22.1     2.046     -1.37                     
4789.340      24.0     2.542     -0.33                     
4789.534      24.0     4.141     -1.41                     
4792.249      22.0     0.812     -3.32                     
4792.432      22.1     1.236     -3.33                     
4792.482      22.0     2.332     -0.14                     
4798.531      22.1     1.079     -2.66                     
4805.085      22.1     2.060     -1.10                     
4805.414      22.0     2.343      0.07                     
4805.443      22.0     3.059     -3.41                     
4810.528      30.0     4.075     -0.14                     
4811.342      60.1     0.064     -1.14                     
4813.449      27.0     2.868     -2.12                     
4813.467      27.0     3.213      0.05                     
4813.496      69.0     2.447     -0.03                     
4823.305      39.1     0.992     -1.11                     
4825.480      60.1     0.182     -0.42                     
4827.539      23.0     2.038     -5.97                     
4827.693      23.0     2.876     -3.38                     
4827.854      23.0     3.096     -3.19                     
4829.221      24.0     3.367     -2.42                     
4829.281      63.0     1.943     -0.29                     
4829.286      41.0     2.222     -0.53                     
4829.308      24.0     2.543     -1.42                     
4829.372      24.0     2.543     -0.51                     
4840.247      27.0     3.168      0.14                     
4840.374      27.1     3.457     -5.52                     
4840.874      22.0     0.899     -0.43                     
4848.061      24.0     5.207     -1.25                     
4848.236      24.1     3.861     -1.00                     
4848.263      58.1     1.044     -1.32                     
4854.867      39.1     0.992     -0.38                     
4859.030      60.1     0.320     -0.44                     
4864.833      23.0     1.182     -1.28                     
4864.869      23.1     6.852     -2.46                     
4865.610      22.1     1.115     -2.70                     
4865.781      22.0     2.576     -0.40                     
4874.009      22.1     3.092     -0.86                     
4875.219      23.1     6.542     -4.29                     
4875.495      23.1     5.463     -1.53                     
4875.621      23.1     4.002     -3.27                     
4875.714      60.0     0.293     -0.71                     
4876.398      24.0     4.093     -2.97                     
4876.399      24.1     3.851     -1.46                     
4876.473      24.1     3.861     -1.46                     
4876.670      24.1     6.681     -2.86                     
4883.684      39.1     1.083      0.07                     
4883.777      62.0     0.036     -0.59                     
4883.783      92.1     0.284     -2.25                     
4883.811      60.0     0.625      0.77                     
4885.079      22.0     1.886      0.41                     
4885.141      92.0     0.000     -1.65                     
4885.201      22.0     2.675     -1.68                     
4885.317      42.0     3.441     -1.29                     
4900.110      39.1     1.032     -0.09                     
4904.407      28.0     3.539     -0.17                     
4913.462      22.0     2.504     -3.50                     
4913.515      45.0     1.675     -2.36                     
4913.613      22.0     1.872      0.22                     
4920.980      57.1     0.126     -0.58                     
4921.780      57.1     0.244     -0.45                     
4922.164      24.0     3.432     -3.34                     
4922.265      24.0     3.102      0.38                     
4922.544      24.0     3.008     -2.17                     
4922.574      42.0     3.357     -1.84                     
4942.496      24.0     0.941     -2.29                     
4942.747      24.0     3.446     -3.47                     
4959.120      60.1     0.064     -0.80                     
4964.927      24.0     0.941     -2.53                     
4965.003      19.0     1.616     -3.20                     
4965.030      19.0     1.616     -2.24                     
4965.046      64.1     2.404     -0.38                     
4980.173      28.0     3.603      0.07                     
4981.731      22.0     0.848      0.57                     
4981.905      22.0     2.425     -3.64                     
4981.966      39.0     1.982     -1.98                     
4982.128      39.1     1.032     -1.29                     
4991.066      22.0     0.835      0.45                     
4999.503      22.0     0.825      0.32                     
5007.209      22.0     0.818      0.17                     
5007.234      68.0     0.624     -0.32                     
5007.378      22.0     3.407     -3.83                     
5016.161      22.0     0.848     -0.48                     
5064.653      22.0     0.048     -0.94                     
5081.107      28.0     3.844      0.30                     
5081.251      42.0     1.469     -2.83                     
5084.089      28.0     3.676      0.03                     
5087.420      39.1     1.083     -0.17                     
5115.389      28.0     3.831     -0.11                     
5129.156      22.1     1.890     -1.34                     
5155.762      28.0     3.895     -0.09                     
5155.835      62.0     1.368      0.12                     
5155.849      64.0     0.927      0.43                     
5172.684      12.0     2.710     -0.40                     
5172.735      62.0     0.282     -0.42                     
5173.743      22.0     0.000     -1.06                     
5183.604      12.0     2.715     -0.18                     
5183.708      40.0     0.632     -1.62                     
5185.902      22.1     1.891     -1.41                     
5188.680      22.1     1.581     -1.21                     
5192.837      22.0     3.455     -4.07                     
5192.871      66.1     0.000     -1.90                     
5192.969      22.0     0.021     -0.95                     
5200.413      39.1     0.992     -0.57                     
5200.461      58.0     0.978     -0.49                     
5200.541      64.1     2.471     -0.36                     
5200.578      62.0     0.185      0.02                     
5205.731      39.1     1.032     -0.34                     
5205.888      22.0     3.437     -3.97                     
5206.023      24.0     0.941      0.02                     
5206.088      22.0     2.486     -0.28                     
5206.136      42.0     2.985     -2.14                     
5206.187      74.0     2.456     -0.93                     
5206.195      24.0     2.706     -1.28                     
5208.409      24.0     0.941      0.17                     
5208.614      24.0     3.110     -3.88                     
5210.285      22.0     3.317     -2.43                     
5210.384      22.0     0.048     -0.82                     
5210.434      42.0     1.530     -2.93                     
5226.543      22.1     1.565     -1.30                     
5265.556      20.0     2.521     -0.26                     
5265.657      62.0     0.000     -1.81                     
5296.539      24.0     3.123     -6.87                     
5296.564      58.0     0.493      0.01                     
5296.691      24.0     0.982     -1.36                     
5296.873      24.0     4.532     -3.08                     
5298.272      24.0     0.982     -1.14                     
5300.745      24.0     0.982     -2.00                     
5300.746      24.0     3.889     -1.66                     
5336.786      22.1     1.581     -1.60                     
5336.789      41.0     0.086     -2.27                     
5336.815      60.0     0.000     -0.87                     
5345.796      24.0     1.003     -0.95                     
5345.824      70.1     5.069     -0.53                     
5345.854      15.0     7.207     -0.88                     
5345.855      24.0     4.614     -3.03                     
5348.314      24.0     1.003     -1.21                     
5381.022      22.1     1.565     -1.97                     
5409.783      24.0     1.029     -0.67                     
5418.768      22.1     1.581     -2.13                     
5418.856      44.0     1.122     -2.00                     
5476.904      28.0     1.825     -0.78                     
5528.405      12.0     4.343     -0.62                     
5528.435      40.0     2.264     -0.20                     
5581.965      20.0     2.521     -0.71                     
5588.717      20.0     5.317     -3.46                     
5588.749      20.0     2.524      0.21                     
5588.869      90.1     0.774     -2.56                     
5588.956      20.0     5.296     -3.48                     
5594.462      20.0     2.521     -0.05                     
5601.277      20.0     2.524     -0.69                     
5601.277      58.0     0.844      0.57                     
5601.300      59.1     1.329     -0.62                     
5601.323      68.0     1.158     -0.65                     
5665.555      14.0     4.916     -2.04                     
5665.627      41.0     1.612     -1.00                     
5665.628      90.1     1.203     -2.04                     
5682.633      11.0     2.101     -0.70                     
5688.194      11.0     2.103     -1.40                     
5688.205      11.0     2.103     -0.45                     
5688.244      73.0     2.134     -1.48                     
5701.104      14.0     4.926     -2.05                     
5703.647      23.1     3.970     -4.73                     
5706.769      23.1     6.896     -3.97                     
5706.982      23.0     1.042     -0.42                     
5706.993      92.1     0.888     -2.15                     
5708.400      14.0     4.950     -1.47                     
5711.088      12.0     4.343     -1.83                     
5711.888      28.0     1.934     -2.46                     
5715.066      28.0     4.085     -0.35                     
5715.090      42.0     4.325     -0.89                     
5748.351      28.0     1.675     -3.24                     
5748.448      92.1     1.025     -2.30                     
5754.512      28.0     3.938     -3.61                     
5754.595       7.1     1.898     -8.27                     
5754.656      28.0     1.934     -2.22                     
5772.027      14.0     5.609     -4.69                     
5772.146      14.0     5.078     -1.75                     
5772.151      60.0     0.000     -1.35                     
5846.994      28.0     1.675     -3.46                     
5857.451      20.0     2.930      0.23                     
5866.234      22.0     3.173     -3.52                     
5866.261      71.0     0.926     -2.64                     
5866.368      22.0     3.303     -0.19                     
5866.433      41.0     0.739     -1.49                     
5866.451      22.0     1.066     -0.79                     
5889.951      11.0     0.000      0.12                     
5892.745      28.0     4.150     -1.49                     
5892.872      28.0     1.984     -2.22                     
5895.924      11.0     0.000     -0.18                     
5895.932      42.0     3.573      0.06                     
5899.294      22.0     1.052     -1.10                     
5899.500      22.0     3.348     -2.31                     
5899.687      22.0     3.111     -2.84                     
5921.925      22.0     3.688     -2.19                     
5922.110      22.0     1.045     -1.38                     
5922.138      22.0     3.111     -1.60                     
5948.541      14.0     5.078     -1.23                     
5948.565      92.0     0.947     -1.41                     
5953.108      22.0     3.087     -3.61                     
5953.160      22.0     1.886     -0.33                     
5965.317      22.0     3.407     -3.41                     
5965.828      22.0     1.878     -0.41                     
5965.842      74.0     2.351     -1.16                     
5978.541      22.0     1.872     -0.50                     
6007.310      28.0     1.675     -3.40                     
6007.338      57.0     0.511     -1.28                     
6007.367      58.0     0.888     -0.54                     
6039.726      23.0     1.063     -0.65                     
6039.761      42.0     3.245     -1.57                     
6039.857      23.0     2.553     -4.42                     
6039.857      23.0     3.515     -2.92                     
6090.466      23.1     3.796     -6.83                     
6102.439      20.0     2.521     -2.81                     
6102.595      90.0     1.290     -1.59                     
6102.723      20.0     1.878     -0.89                     
6108.116      28.0     1.675     -2.60                     
6108.120      63.0     2.399      0.14                     
6116.174      28.0     4.086     -0.68                     
6116.175      28.0     4.263     -0.82                     
6122.217      20.0     1.884     -0.41                     
6126.216      22.0     1.066     -1.43                     
6126.271      22.0     3.152     -3.02                     
6126.326      62.0     1.841     -0.20                     
6128.973      28.0     1.675     -3.43                     
6161.297      20.0     2.521     -1.02                     
6162.173      20.0     1.897      0.10                     
6166.439      20.0     2.519     -0.90                     
6169.042      20.0     2.521     -0.55                     
6169.563      20.0     2.524     -0.27                     
6176.812      28.0     4.085     -0.26                     
6177.242      28.0     1.825     -3.46                     
6177.543      28.0     4.232     -2.14                     
6257.803      22.0     0.000     -4.30                     
6257.990      58.0     1.626     -0.01                     
6258.102      22.0     1.442     -0.39                     
6258.707      22.0     1.459     -0.28                     
6261.099      22.0     1.429     -0.53                     
6261.125      22.0     3.125     -1.80                     
6261.284      22.0     3.321     -3.66                     
6300.304       8.0     0.000     -9.82                     
6314.653      28.0     1.934     -1.77                     
6314.659      28.0     4.150     -0.92                     
6314.683      40.0     0.998     -1.93                     
6327.599      28.0     1.675     -3.17                     
6330.091      24.0     0.941     -2.92                     
6363.776       8.0     0.020    -10.30                     
6439.075      20.0     2.524      0.47                     
6439.165      20.0     5.485     -3.71                     
6439.239      20.0     5.827     -4.09                     
6449.808      20.0     2.519     -0.55                     
6450.084      27.0     2.135     -2.13                     
6455.598      20.0     2.521     -1.35                     
6455.624      62.1     1.462     -1.99                     
6462.567      20.0     2.521      0.31                     
6462.613      90.0     2.051     -0.21                     
6471.662      20.0     2.524     -0.59                     
6471.810      59.1     0.922     -1.33                     
6482.796      28.0     1.934     -2.63                     
6482.910      56.0     1.412      0.29                     
6491.561      22.1     2.060     -1.79                     
6493.781      20.0     2.519      0.14                     
6499.650      20.0     2.521     -0.59                     
6556.062      22.0     1.459     -1.06                     
6559.588      22.1     2.046     -2.02                     
6572.779      20.0     0.000     -4.29                     
6572.881      90.1     1.888     -2.25                     
6586.310      28.0     1.949     -2.78                     
6643.630      28.0     1.675     -2.22                     
6717.681      20.0     2.707     -0.61                     
6717.692      20.0     5.878     -7.11                     
6767.772      28.0     1.825     -2.14   
8498.023      20.1     1.691     -1.31
8542.091      20.1     1.699     -0.36
8662.141      20.1     1.691     -0.62