4602.941      26.0     1.484     -2.21                                  OBR91 
4604.988      28.0     3.477     -0.24                                 LAWLER 
4609.265      22.1     1.179     -3.32                                 LAWLER 
4609.267      40.0     0.650     -2.07                                        
4609.342      22.0     3.317     -2.07                                        
4613.921      40.1     0.971     -1.52                                BIEMONT 
4613.972      40.1     0.971     -1.52                                        
4616.124      24.0     0.982     -1.19                                 SOBECK 
4616.158      41.0     0.197     -1.26                                        
4616.241      24.1     5.666     -1.64                                        
4617.269      22.0     1.748      0.44                                 LAWLER 
4617.269      66.1     0.589     -1.86                                        
4620.513      26.1     2.828     -3.19                               NISTC+   
4620.540      74.0     2.420     -0.98                                        
4625.922      24.0     3.847     -0.31                                        
4626.025      24.0     4.528     -0.96                                        
4626.173      24.0     0.968     -1.33                                 SOBECK 
4630.120      26.0     2.277     -2.59                                  OBR91 
4633.998      24.0     3.548     -1.81                                        
4634.073      24.1     4.069     -0.98                                 Nils06 
4636.320      22.1     1.164     -2.85                                        
4643.464      26.0     3.651     -1.29                                        
4643.487      59.1     0.055     -1.17                                        
4643.520      26.0     3.639     -6.00                                        
4646.162      24.0     1.029     -0.74                                 SOBECK 
4646.264      24.0     4.204     -1.69                                        
4646.291      42.0     3.196     -1.78                                        
4646.330      64.1     1.287     -1.18                                 LAWLER 
4646.360      57.0     1.234     -0.40                                        
4647.242      26.0     2.843     -4.88                                        
4647.287      58.1     0.327     -1.81                                        
4647.434      26.0     2.947     -1.31                                        
4651.291      24.0     0.982     -1.46                                 SOBECK 
4652.157      24.0     1.003     -1.04                                 SOBECK 
4656.469      22.0     0.000     -1.34                                        
4657.201      22.1     1.242     -2.29                                 LAWLER 
4661.970      26.0     2.988     -2.46                                        
4661.971      74.0     1.915     -1.49                                        
4662.006      26.0     4.412     -3.36                                        
4662.097      26.0     2.725     -5.66                                        
4680.134      30.0     4.003     -0.81                                        
4681.909      22.0     0.048     -1.07                                        
4681.921      69.0     1.087     -0.68                                        
4681.933      42.0     3.154     -1.83                                        
4682.093      22.0     3.334     -2.52                                        
4682.325      39.1     0.408     -1.51                                BIEMONT 
4686.098      28.0     3.655     -1.17                                        
4686.213      28.0     3.594     -0.59                                 LAWLER 
4702.991      12.0     4.343     -0.67                                        
4706.540      60.1     0.000     -0.71                                 LAWLER 
4708.415      22.0     3.196     -3.80                                        
4708.429      22.0     1.872     -6.88                                        
4708.663      22.1     1.236     -2.35                                 LAWLER 
4708.852      72.0     2.837     -0.20                                        
4708.858      39.0     1.886     -0.82                                        
4714.417      28.0     3.377      0.25                                 LAWLER 
4722.153      30.0     4.027     -0.34                                        
4731.439      26.1     2.891     -3.10                               NISTE    
4731.441      42.0     2.621      0.22                                        
4733.591      26.0     1.484     -2.99                                  OBR91 
4736.773      26.0     3.209     -0.67                                  DEN14 
4753.744      25.1     6.523     -4.47                                        
4753.893      25.0     5.210     -0.96                                        
4753.930      19.0     1.616     -2.97                                        
4754.056      25.1     6.135     -3.08                                        
4755.885      42.0     3.315     -1.44                                        
4756.051      24.0     2.985     -2.91                                        
4756.112      24.0     3.102      0.09                                        
4756.164      24.0     4.102     -3.51                                        
4756.238      44.0     1.062     -1.74                                        
4756.314      24.0     4.407     -4.18                                        
4759.054      22.0     1.738     -5.40                                        
4759.055      22.0     3.177     -3.23                                        
4759.083      60.0     0.456     -0.40                                        
4759.142      22.0     2.776     -2.54                                        
4759.270      22.0     2.254      0.59                                 LAWLER 
4759.341      60.0     0.000     -1.12                                        
4764.525      22.1     1.236     -2.69                                 LAWLER 
4766.002      25.0     4.422     -1.73                                        
4766.664      25.0     5.195     -0.56                                        
4779.985      22.1     2.046     -1.37                                        
4786.807      26.0     3.015     -1.59                                        
4789.340      24.0     2.542     -0.33                                 SOBECK 
4789.534      24.0     4.141     -1.41                                        
4789.576      26.0     4.470     -0.96                                        
4789.651      26.0     3.544     -0.84                                        
4789.682      58.1     0.740     -1.49                                 LAWLER 
4789.709      26.0     4.151     -4.16                                        
4792.249      22.0     0.812     -3.32                                 LAWLER 
4792.432      22.1     1.236     -3.33                                        
4792.482      22.0     2.332     -0.14                                 LAWLER 
4798.531      22.1     1.079     -2.66                                 LAWLER 
4800.505      72.0     0.699     -1.21                                        
4800.507      26.0     4.217     -2.60                                        
4800.554      26.0     3.299     -1.61                                        
4800.649      26.0     4.140     -1.26                                        
4805.085      22.1     2.060     -1.10                                        
4805.414      22.0     2.343      0.07                                 LAWLER 
4805.443      22.0     3.059     -3.41                                        
4810.528      30.0     4.075     -0.14                                        
4811.342      60.1     0.064     -1.14                                        
4813.449      27.0     2.868     -2.12                                        
4813.467      27.0     3.213      0.05                                        
4813.496      69.0     2.447     -0.03                                        
4823.305      39.1     0.992     -1.11                                BIEMONT 
4825.480      60.1     0.182     -0.42                                 LAWLER 
4827.539      23.0     2.038     -5.97                                        
4827.693      23.0     2.876     -3.38                                        
4827.854      23.0     3.096     -3.19                                        
4829.221      24.0     3.367     -2.42                                        
4829.281      63.0     1.943     -0.29                                        
4829.286      41.0     2.222     -0.53                                        
4829.308      24.0     2.543     -1.42                                 SOBECK 
4829.372      24.0     2.543     -0.51                                 SOBECK 
4840.247      27.0     3.168      0.14                                        
4840.374      27.1     3.457     -5.52                                        
4840.874      22.0     0.899     -0.43                                 LAWLER 
4848.061      24.0     5.207     -1.25                                        
4848.236      24.1     3.861     -1.00                                 Nils06 
4848.263      58.1     1.044     -1.32                                 LAWLER 
4854.867      39.1     0.992     -0.38                                BIEMONT 
4859.030      60.1     0.320     -0.44                                 LAWLER 
4864.833      23.0     1.182     -1.28                               LAWNOHFS 
4864.869      23.1     6.852     -2.46                                        
4865.610      22.1     1.115     -2.70                                 LAWLER 
4865.781      22.0     2.576     -0.40                                        
4871.318      26.0     2.865     -0.34                                  RUF14 
4872.138      26.0     2.880     -0.60                                        
4872.314      26.0     4.831     -4.20                                        
4874.009      22.1     3.092     -0.86                                 LAWLER 
4875.219      23.1     6.542     -4.29                                        
4875.495      23.1     5.463     -1.53                                        
4875.621      23.1     4.002     -3.27                                        
4876.398      24.0     4.093     -2.97                                        
4876.399      24.1     3.851     -1.46                                        
4876.473      24.1     3.861     -1.46                                        
4876.670      24.1     6.681     -2.86                                        
4883.684      39.1     1.083      0.07                                        
4883.777      62.0     0.036     -0.59                                        
4883.783      92.1     0.284     -2.25                                        
4883.811      60.0     0.625      0.77                                        
4885.079      22.0     1.886      0.41                                 LAWLER 
4885.141      92.0     0.000     -1.65                                        
4885.201      22.0     2.675     -1.68                                        
4885.317      42.0     3.441     -1.29                                        
4890.755      26.0     2.876     -0.38                                  RUF14 
4890.755      42.0     2.916     -1.57                                        
4890.910      26.0     4.217     -2.71                                        
4891.492      26.0     2.849     -0.14                                        
4900.110      39.1     1.032     -0.09                                BIEMONT 
4903.310      26.0     2.882     -0.89                                  RUF14 
4904.407      28.0     3.539     -0.17                                        
4913.462      22.0     2.504     -3.50                                        
4913.515      45.0     1.675     -2.36                                        
4913.613      22.0     1.872      0.22                                 LAWLER 
4918.954      26.0     4.151     -0.34                                        
4918.994      26.0     2.863     -0.37                                        
4918.998      62.0     0.185     -0.15                                        
4920.463      26.0     4.280     -3.54                                        
4920.502      26.0     2.830      0.06                                        
4920.537      26.0     4.555     -3.16                                        
4920.594      42.0     3.300     -1.34                                        
4920.594      42.0     3.387     -1.23                                        
4920.980      57.1     0.126     -0.58                               LAWNOHFS 
4921.780      57.1     0.244     -0.45                               LAWNOHFS 
4922.164      24.0     3.432     -3.34                                        
4922.265      24.0     3.102      0.38                                 SOBECK 
4922.544      24.0     3.008     -2.17                                        
4922.574      42.0     3.357     -1.84                                        
4923.922      26.1     2.891     -1.21                               NISTC    
4924.770      26.0     2.277     -2.11                                  OBR91 
4924.827      42.0     3.779     -0.71                                        
4924.896      58.0     0.773     -0.40                                        
4924.937      26.0     2.829     -5.73                                        
4938.814      26.0     2.873     -1.08                                        
4939.600      26.0     2.947     -4.12                                        
4939.642      90.0     0.966     -1.15                                        
4939.687      26.0     0.858     -3.25                                  OBR91 
4939.740      59.0     0.353      0.65                                        
4942.496      24.0     0.941     -2.29                                        
4942.747      24.0     3.446     -3.47                                        
4959.120      60.1     0.064     -0.80                                 LAWLER 
4964.927      24.0     0.941     -2.53                                        
4965.003      19.0     1.616     -3.20                                        
4965.030      19.0     1.616     -2.24                                        
4965.046      64.1     2.404     -0.38                                        
4966.089      26.0     3.329     -0.79                                  DEN14 
4980.173      28.0     3.603      0.07                                 LAWLER 
4981.731      22.0     0.848      0.57                                 LAWLER 
4981.905      22.0     2.425     -3.64                                        
4981.966      39.0     1.982     -1.98                                        
4982.128      39.1     1.032     -1.29                                BIEMONT 
4991.066      22.0     0.835      0.45                                 LAWLER 
4993.946      26.0     3.926     -3.55                                        
4994.130      26.0     0.914     -2.97                                  OBR91 
4999.503      22.0     0.825      0.32                                 LAWLER 
5006.111      26.0     4.831     -2.07                                        
5006.119      26.0     2.830     -0.61                                        
5006.147      74.0     0.771     -1.53                                        
5007.209      22.0     0.818      0.17                                 LAWLER 
5007.234      68.0     0.624     -0.32                                        
5007.378      22.0     3.407     -3.83                                        
5011.908      26.0     4.984     -2.29                                        
5011.966      26.0     3.015     -5.56                                        
5012.068      26.0     0.858     -2.60                                  OBR91 
5012.157      26.0     4.188     -0.94                                        
5016.161      22.0     0.848     -0.48                                 LAWLER 
5018.435      26.1     2.891     -1.35                               NISTD+   
5018.448      58.1     1.091     -1.95                                 LAWLER 
5028.004      26.0     4.581     -3.24                                        
5028.126      26.0     3.573     -1.02                                  RUF14 
5028.162      44.0     1.320     -1.68                                        
5041.685      26.0     4.831     -3.19                                        
5041.726      26.0     3.692     -2.87                                        
5041.756      26.0     1.484     -2.20                                  OBR91 
5041.849      26.0     4.280     -0.87                                        
5044.211      26.0     2.849     -2.15                                        
5049.819      26.0     2.277     -1.35                                  OBR91 
5051.635      26.0     0.914     -2.76                                  OBR91 
5051.785      26.0     4.604     -4.24                                        
5064.653      22.0     0.048     -0.94                                 LAWLER 
5068.766      26.0     2.938     -1.23                                        
5079.224      26.0     2.196     -2.10                                  OBR91 
5079.631      26.0     5.006     -1.62                                        
5079.682      58.1     1.383      0.19                                        
5079.695      42.0     3.393     -1.77                                        
5079.740      26.0     0.989     -3.25                                  OBR91 
5079.782      42.0     2.913     -2.16                                        
5079.864      42.0     3.245     -1.08                                        
5081.107      28.0     3.844      0.30                                        
5081.251      42.0     1.469     -2.83                                        
5083.339      26.0     0.957     -2.84                                  OBR91 
5084.089      28.0     3.676      0.03                                        
5087.420      39.1     1.083     -0.17                                BIEMONT 
5110.269      26.0     4.952     -0.95                                        
5110.308      26.0     4.603     -3.31                                        
5110.324      66.0     2.423      0.80                                        
5110.353      74.0     1.867     -1.65                                        
5110.358      26.0     3.571     -1.37                                        
5110.365      42.0     2.756     -1.67                                        
5110.413      26.0     0.000     -3.76                                  OBR91 
5110.443      26.0     4.257     -2.46                                        
5115.389      28.0     3.831     -0.11                                        
5123.720      26.0     1.010     -3.06                                  OBR91 
5123.758      44.0     1.418     -2.19                                        
5127.339      26.0     4.291     -2.31                                        
5127.345      26.0     4.984     -1.72                                        
5127.360      26.0     0.914     -3.25                                  OBR91 
5129.156      22.1     1.890     -1.34                                 LAWLER 
5131.466      26.0     3.265     -4.45                                        
5131.468      26.0     2.221     -2.52                                  OBR91 
5131.648      26.0     5.029     -3.24                                        
5133.689      26.0     4.175      0.36                                  DEN14 
5133.833      68.1     1.769     -0.36                                        
5141.556      26.0     3.692     -3.74                                        
5141.562      33.0     6.394      0.40                                        
5141.616      73.0     0.752     -1.76                                        
5141.739      26.0     2.422     -2.15                                        
5150.840      26.0     0.989     -3.04                                  OBR91 
5150.860      58.1     1.041     -1.73                                 LAWLER 
5150.894      73.0     1.907     -1.70                                        
5151.911      26.0     1.010     -3.32                                  OBR91 
5155.762      28.0     3.895     -0.09                                        
5155.835      62.0     1.368      0.12                                        
5155.849      64.0     0.927      0.43                                        
5162.273      26.0     4.175      0.02                                        
5162.377      26.0     2.607     -4.48                                        
5166.282      26.0     0.000     -4.12                                  OBR91 
5169.028      26.1     2.891     -0.87                               NISTC    
5171.463      26.0     4.981     -3.15                                        
5171.596      26.0     1.484     -1.72                                  OBR91 
5171.673      26.0     3.642     -2.27                                  RUF14 
5171.698      64.0     0.000     -1.77                                        
5172.684      12.0     2.710     -0.40                                        
5172.735      62.0     0.282     -0.42                                        
5173.743      22.0     0.000     -1.06                                 LAWLER 
5183.604      12.0     2.715     -0.18                                        
5185.902      22.1     1.891     -1.41                                 LAWLER 
5188.680      22.1     1.581     -1.21                                        
5191.385      26.0     3.265     -4.19                                        
5191.454      26.0     3.036     -0.55                                        
5191.454      42.0     3.907     -0.23                                        
5192.344      26.0     2.996     -0.42                                        
5192.495      26.0     4.412     -4.28                                        
5192.837      22.0     3.455     -4.07                                        
5192.871      66.1     0.000     -1.90                                        
5192.969      22.0     0.021     -0.95                                 LAWLER 
5194.942      26.0     1.556     -2.02                                  OBR91 
5195.016      44.0     1.087     -1.20                                        
5195.110      59.1     1.110     -0.18                                LINOHFS 
5197.480      26.1     5.952     -2.72                                        
5197.568      26.1     3.230     -2.05                               NISTC    
5198.711      26.0     2.221     -2.09                                  OBR91 
5198.800      90.0     1.304     -0.78                                        
5198.867      26.0     3.544     -3.55                                        
5200.413      39.1     0.992     -0.57                                BIEMONT 
5200.461      58.0     0.978     -0.49                                        
5200.541      64.1     2.471     -0.36                                        
5200.578      62.0     0.185      0.02                                        
5202.256      26.0     4.253     -1.87                                        
5202.336      26.0     2.174     -1.87                                  OBR91 
5202.459      58.0     0.998      0.07                                        
5205.731      39.1     1.032     -0.34                                BIEMONT 
5205.888      22.0     3.437     -3.97                                        
5206.023      24.0     0.941      0.02                                 SOBECK 
5206.088      22.0     2.486     -0.28                                 LAWLER 
5206.136      42.0     2.985     -2.14                                        
5206.187      74.0     2.456     -0.93                                        
5206.195      24.0     2.706     -1.28                                        
5208.409      24.0     0.941      0.17                                 SOBECK 
5208.614      24.0     3.110     -3.88                                        
5210.285      22.0     3.317     -2.43                                        
5210.384      22.0     0.048     -0.82                                 LAWLER 
5210.434      42.0     1.530     -2.93                                        
5216.274      26.0     1.607     -2.08                                  OBR91 
5216.347      26.0     4.962     -3.69                                        
5216.377      58.0     0.802     -0.24                                        
5216.432      26.0     5.006     -3.74                                        
5217.389      26.0     3.209     -1.07                                  DEN14 
5217.553      26.0     3.015     -6.36                                        
5225.525      26.0     0.110     -4.75                                  OBR91 
5225.535      26.0     5.029     -2.11                                        
5226.543      22.1     1.565     -1.30                                        
5232.829      26.0     5.066     -3.96                                        
5232.940      26.0     2.938     -0.19                                        
5233.066      26.0     3.015     -4.80                                        
5233.084      26.0     3.639     -4.82                                        
5234.624      26.1     3.221     -2.21                               NISTD+   
5242.305      26.0     5.029     -4.12                                        
5242.368      44.0     1.316     -1.23                                        
5242.405      26.0     4.635     -2.23                                        
5242.491      26.0     3.632     -0.84                                        
5246.865      26.0     5.008     -2.99                                        
5247.050      26.0     0.087     -4.97                                  OBR91 
5247.128      72.1     3.482      0.13                                        
5254.766      26.0     4.962     -4.09                                        
5254.822      58.0     0.719     -0.13                                        
5254.956      26.0     0.110     -4.76                                  OBR91 
5254.977      26.0     4.291     -1.72                                        
5265.556      20.0     2.521     -0.26                                        
5265.657      62.0     0.000     -1.81                                        
5266.555      26.0     2.996     -0.49                                        
5266.755      26.0     5.082     -1.99                                        
5269.537      26.0     0.858     -1.33                                  OBR91 
5269.545      58.0     0.620     -0.79                                        
5275.997      26.1     3.199     -1.90                               NISTC    
5281.630      26.0     5.029     -2.63                                        
5281.700      26.0     3.298     -3.58                                        
5281.790      26.0     3.036     -1.02                                        
5283.621      26.0     3.239     -0.45                                  DEN14 
5288.368      26.0     2.988     -5.29                                        
5288.380      92.1     0.669     -2.36                                        
5288.466      26.0     4.368     -2.68                                        
5288.525      26.0     3.695     -1.49                                  RUF14 
5296.539      24.0     3.123     -6.87                                        
5296.564      58.0     0.493      0.01                                        
5296.691      24.0     0.982     -1.36                                 SOBECK 
5296.873      24.0     4.532     -3.08                                        
5298.272      24.0     0.982     -1.14                                 SOBECK 
5300.745      24.0     0.982     -2.00                                 SOBECK 
5300.746      24.0     3.889     -1.66                                        
5302.160      26.0     4.952     -4.11                                        
5302.298      26.0     4.909     -3.45                                        
5302.303      26.0     3.281     -0.73                                  DEN14 
5302.303      68.1     2.477     -0.15                                        
5307.361      26.0     1.607     -2.91                                  OBR91 
5322.041      26.0     2.277     -2.80                                  OBR91 
5324.179      26.0     3.211     -0.11                                  RUF14 
5325.543      26.1     3.221     -3.26                               NISTD    
5325.698      26.1     6.725     -3.72                                        
5327.858      26.0     4.412     -2.54                                        
5328.039      26.0     0.914     -1.47                                  OBR91 
5332.900      26.0     1.556     -2.78                                  OBR91 
5332.931      44.0     1.691     -1.78                                        
5332.957      26.0     3.981     -4.44                                        
5333.037      68.0     2.041      0.35                                        
5336.786      22.1     1.581     -1.60                                 LAWLER 
5336.789      41.0     0.086     -2.27                                        
5336.815      60.0     0.000     -0.87                                        
5339.929      26.0     3.263     -0.63                                  DEN14 
5341.024      26.0     1.607     -1.95                                  OBR91 
5341.025      73.0     0.491     -2.00                                        
5341.165      64.0     0.880     -1.11                                        
5345.796      24.0     1.003     -0.95                                 SOBECK 
5345.824      70.1     5.069     -0.53                                        
5345.854      15.0     7.207     -0.88                                        
5345.855      24.0     4.614     -3.03                                        
5348.314      24.0     1.003     -1.21                                 SOBECK 
5364.871      26.0     4.442      0.22                                        
5365.356      26.0     4.730     -2.95                                        
5365.377      42.0     2.521     -2.62                                        
5365.385      64.0     1.310     -0.19                                        
5365.399      26.0     3.571     -1.02                                        
5367.466      26.0     4.412      0.35                                        
5367.545      26.0     5.066     -3.64                                        
5369.961      26.0     4.368      0.35                                        
5370.010      42.0     3.357     -1.84                                        
5371.437      26.0     4.431     -1.24                                        
5371.489      26.0     0.957     -1.64                                  OBR91 
5371.600      26.0     4.309     -0.78                                        
5371.620      64.1     1.059     -1.92                                 LAWLER 
5379.574      26.0     3.692     -1.48                                        
5381.022      22.1     1.565     -1.97                                 LAWLER 
5383.226      42.0     2.913     -2.17                                        
5383.369      26.0     4.309      0.50                                        
5397.128      26.0     0.914     -1.98                                  OBR91 
5397.199      26.0     4.442     -0.13                                        
5404.117      26.0     4.309      0.54                                        
5404.151      26.0     4.431      0.52                                        
5404.195      66.0     0.512     -1.35                                        
5405.775      26.0     0.989     -1.85                                  OBR91 
5405.846      73.0     2.154     -1.81                                        
5405.928      26.0     4.909     -1.73                                        
5409.783      24.0     1.029     -0.67                                 SOBECK 
5410.714      26.0     4.981     -3.17                                        
5410.769      90.0     0.788     -1.70                                        
5410.910      26.0     4.470      0.28                                        
5414.089      26.1     3.221     -3.48                               NISTC    
5414.106      58.0     0.547     -0.62                                        
5414.189      68.1     2.683     -1.22                                 LAWLER 
5415.199      26.0     4.383      0.50                                        
5418.768      22.1     1.581     -2.13                                 LAWLER 
5418.856      44.0     1.122     -2.00                                        
5424.068      26.0     4.317      0.52                                        
5424.142      26.0     4.073     -2.19                                        
5424.239      26.0     4.984     -2.32                                        
5429.504      26.0     4.188     -0.95                                        
5429.562      26.0     3.544     -4.89                                        
5429.696      26.0     0.957     -1.88                                  OBR91 
5429.842      26.0     4.470     -0.37                                        
5434.524      26.0     1.010     -2.13                                  OBR91 
5476.904      28.0     1.825     -0.78                                 LAWLER 
5497.516      26.0     1.010     -2.83                                  OBR91 
5501.290      26.0     2.756     -9.28                                        
5501.465      26.0     0.957     -3.05                                  OBR91 
5506.779      26.0     0.989     -2.79                                  OBR91 
5528.405      12.0     4.343     -0.62                                        
5528.435      40.0     2.264     -0.20                                        
5534.839      26.1     3.245     -2.90                               NISTE    
5569.618      26.0     3.414     -0.52                                  DEN14 
5572.842      26.0     3.394     -0.28                                  DEN14 
5573.011      15.0     7.398     -2.00                                        
5576.002      26.0     2.221     -9.21                                        
5576.089      26.0     3.428     -1.00                                        
5576.114      64.0     0.841     -1.07                                        
5576.157      41.0     0.348     -1.94                                        
5576.205      90.0     1.290     -1.18                                        
5581.965      20.0     2.521     -0.71                                        
5586.756      26.0     3.366     -0.11                                  DEN14 
5586.767      26.0     4.257     -2.86                                        
5586.808      63.0     1.638     -0.45                                        
5586.820      26.0     3.692     -6.73                                        
5588.717      20.0     5.317     -3.46                                        
5588.749      20.0     2.524      0.21                                        
5588.956      20.0     5.296     -3.48                                        
5594.462      20.0     2.521     -0.05                                        
5601.277      20.0     2.524     -0.69                                        
5601.277      58.0     0.844      0.57                                        
5601.300      59.1     1.329     -0.62                                LINOHFS 
5601.323      68.0     1.158     -0.65                                        
5615.597      26.0     2.756     -8.07                                        
5615.620      26.0     4.188     -2.29                                        
5615.644      26.0     3.332      0.04                                  RUF14 
5615.729      90.1     2.196     -1.15                                        
5615.737      26.0     5.442     -3.45                                        
5624.542      26.0     3.414     -0.76                                  DEN14 
5662.516      26.0     4.175     -0.41                                  DEN14 
5665.555      14.0     4.916     -2.04                                        
5665.627      41.0     1.612     -1.00                                        
5665.628      90.1     1.203     -2.04                                        
5682.633      11.0     2.101     -0.70                                        
5688.194      11.0     2.103     -1.40                                        
5688.205      11.0     2.103     -0.45                                        
5688.244      73.0     2.134     -1.48                                        
5701.104      14.0     4.926     -2.05                                        
5701.416      26.0     3.209     -4.45                                        
5701.514      26.0     4.909     -1.40                                        
5701.544      26.0     2.557     -2.22                                        
5703.647      23.1     3.970     -4.73                                        
5706.769      23.1     6.896     -3.97                                        
5706.982      23.0     1.042     -0.42                               LAWNOHFS 
5706.993      92.1     0.888     -2.15                                        
5708.400      14.0     4.950     -1.47                                        
5711.088      12.0     4.343     -1.83                                        
5711.888      28.0     1.934     -2.46                                 LAWLER 
5715.066      28.0     4.085     -0.35                                        
5715.090      42.0     4.325     -0.89                                        
5748.351      28.0     1.675     -3.24                                 LAWLER 
5748.448      92.1     1.025     -2.30                                        
5753.123      26.0     4.257     -0.62                                  DEN14 
5754.512      28.0     3.938     -3.61                                        
5754.595       7.1     1.898     -8.27                                        
5754.656      28.0     1.934     -2.22                                 LAWLER 
5762.840      26.0     4.298     -2.49                                        
5762.992      26.0     4.206     -0.45                                        
5762.992      26.0     4.209     -0.36                                  RUF14 
5762.994      58.1     3.481      0.52                                        
5772.027      14.0     5.609     -4.69                                        
5772.146      14.0     5.078     -1.75                                        
5772.151      60.0     0.000     -1.35                                        
5816.339      62.0     1.368     -0.69                                        
5816.373      26.0     4.545     -0.68                                        
5846.994      28.0     1.675     -3.46                                 LAWLER 
5857.451      20.0     2.930      0.23                                        
5862.227      26.0     3.637     -4.23                                        
5862.357      26.0     4.545     -0.05                                        
5862.467      26.0     5.330     -3.53                                        
5862.492      58.0     0.517     -0.19                                        
5866.234      22.0     3.173     -3.52                                        
5866.261      71.0     0.926     -2.64                                        
5866.368      22.0     3.303     -0.19                                        
5866.433      41.0     0.739     -1.49                                        
5866.451      22.0     1.066     -0.79                                 LAWLER 
5889.951      11.0     0.000      0.12                                        
5892.745      28.0     4.150     -1.49                                        
5892.872      28.0     1.984     -2.22                                 LAWLER 
5895.924      11.0     0.000     -0.18                                        
5895.932      42.0     3.573      0.06                                        
5899.294      22.0     1.052     -1.10                                 LAWLER 
5899.500      22.0     3.348     -2.31                                        
5899.687      22.0     3.111     -2.84                                        
5914.112      26.0     4.604     -0.40                                        
5914.201      26.0     4.604     -0.14                                        
5914.273      42.0     2.678     -2.35                                        
5921.925      22.0     3.688     -2.19                                        
5922.110      22.0     1.045     -1.38                                 LAWLER 
5922.138      22.0     3.111     -1.60                                        
5948.541      14.0     5.078     -1.23                                        
5953.108      22.0     3.087     -3.61                                        
5953.160      22.0     1.886     -0.33                                        
5956.693      26.0     0.858     -4.50                                  OBR91 
5956.799      62.0     1.869      0.10                                        
5956.833      58.0     1.114     -0.44                                        
5956.859      92.0     0.479     -1.70                                        
5956.942      26.0     4.577     -3.06                                        
5965.317      22.0     3.407     -3.41                                        
5965.828      22.0     1.878     -0.41                                        
5965.842      74.0     2.351     -1.16                                        
5976.777      26.0     3.940     -1.50                                        
5978.541      22.0     1.872     -0.50                                        
6002.773      26.0     5.310     -3.16                                        
6003.012      26.0     3.882     -1.10                                  RUF14 
6007.310      28.0     1.675     -3.40                                 LAWLER 
6007.338      57.0     0.511     -1.28                                        
6007.367      58.0     0.888     -0.54                                        
6039.726      23.0     1.063     -0.65                               LAWNOHFS 
6039.761      42.0     3.245     -1.57                                        
6039.857      23.0     2.553     -4.42                                        
6039.857      23.0     3.515     -2.92                                        
6055.940      26.0     5.066     -2.49                                        
6056.005      26.0     4.733     -0.32                                  RUF14 
6065.482      26.0     2.607     -1.53                                        
6065.485      26.0     4.952     -3.91                                        
6082.606      26.0     4.217     -3.71                                        
6082.709      26.0     2.221     -3.55                                  OBR91 
6082.851      26.0     5.337     -3.94                                        
6090.466      23.1     3.796     -6.83                                        
6102.439      20.0     2.521     -2.81                                        
6102.595      90.0     1.290     -1.59                                        
6102.723      20.0     1.878     -0.89                                        
6108.116      28.0     1.675     -2.60                                 LAWLER 
6108.120      63.0     2.399      0.14                                        
6116.174      28.0     4.086     -0.68                                        
6116.175      28.0     4.263     -0.82                                        
6122.217      20.0     1.884     -0.41                                        
6126.216      22.0     1.066     -1.43                                        
6126.271      22.0     3.152     -3.02                                        
6126.326      62.0     1.841     -0.20                                        
6128.973      28.0     1.675     -3.43                                 LAWLER 
6136.165      26.0     5.316     -3.55                                        
6136.615      26.0     2.452     -1.40                                        
6136.992      26.0     2.196     -2.93                                  OBR91 
6137.282      26.0     4.577     -1.61                                        
6137.498      26.0     3.329     -3.07                                        
6137.691      26.0     2.586     -1.40                                        
6151.618      26.0     2.174     -3.37                                  OBR91 
6161.297      20.0     2.521     -1.02                                        
6162.173      20.0     1.897      0.10                                        
6166.439      20.0     2.519     -0.90                                        
6169.042      20.0     2.521     -0.55                                        
6169.563      20.0     2.524     -0.27                                        
6173.008      26.0     0.989     -7.47                                        
6173.029      26.0     3.637     -5.13                                        
6173.150      26.0     4.987     -4.27                                        
6173.334      26.0     2.221     -2.88                                        
6173.639      26.0     4.442     -3.39                                        
6173.805      26.0     5.341     -3.71                                        
6176.812      28.0     4.085     -0.26                                 LAWLER 
6177.242      28.0     1.825     -3.46                                 LAWLER 
6177.543      28.0     4.232     -2.14                                        
6180.203      26.0     2.725     -2.78                                        
6180.294      26.0     5.310     -2.42                                        
6191.558      26.0     2.431     -1.60                                        
6200.268      26.0     4.317     -4.00                                        
6200.313      26.0     2.607     -2.44                                        
6200.615      26.0     3.069     -4.86                                        
6213.429      26.0     2.221     -2.48                                  OBR91 
6218.872      26.0     5.337     -2.38                                        
6219.141      26.0     5.006     -2.08                                        
6219.280      26.0     2.196     -2.45                                  OBR91 
6219.313      26.0     5.454     -2.71                                        
6219.526      26.0     3.414     -6.21                                        
6219.581      26.0     5.341     -4.17                                        
6230.722      26.0     2.557     -1.28                                        
6240.558      26.0     3.045     -8.20                                        
6240.645      26.0     2.221     -3.17                                  OBR91 
6246.319      26.0     3.600     -0.77                                  DEN14 
6247.350      26.1     6.204     -2.08                                        
6247.559      26.1     3.892     -2.40                               NISTD    
6247.570      26.1     5.952     -4.01                                        
6252.555      26.0     2.402     -1.69                                        
6252.890      59.1     1.305     -1.73                                LINOHFS 
6254.257      26.0     2.277     -2.43                                  OBR91 
6254.276      74.0     4.134      0.07                                        
6257.803      22.0     0.000     -4.30                                        
6257.990      58.0     1.626     -0.01                                        
6258.102      22.0     1.442     -0.39                                 LAWLER 
6258.707      22.0     1.459     -0.28                                 LAWLER 
6261.099      22.0     1.429     -0.53                                 LAWLER 
6261.125      22.0     3.125     -1.80                                        
6261.284      22.0     3.321     -3.66                                        
6265.134      26.0     2.174     -2.54                                  OBR91 
6265.212      26.0     5.337     -3.22                                        
6297.792      26.0     2.221     -2.64                                  OBR91 
6297.963      26.0     5.096     -3.15                                        
6300.304       8.0     0.000     -9.82                                        
6301.501      26.0     3.651     -0.71                                  DEN14 
6301.767      26.0     5.454     -3.17                                        
6301.768      42.0     2.985     -1.83                                        
6301.863      26.0     3.637     -4.53                                        
6314.653      28.0     1.934     -1.77                                        
6314.659      28.0     4.150     -0.92                                        
6314.683      40.0     0.998     -1.93                                        
6317.758      26.0     5.310     -4.18                                        
6318.018      26.0     2.452     -2.23                                        
6322.685      26.0     2.586     -2.43                                        
6327.599      28.0     1.675     -3.17                                 LAWLER 
6330.091      24.0     0.941     -2.92                                        
6335.330      26.0     2.196     -2.18                                  OBR91 
6335.345      58.0     0.466     -1.32                                        
6344.020      26.0     4.412     -3.64                                        
6344.148      26.0     2.431     -2.92                                        
6355.028      26.0     2.843     -2.42                                        
6358.429      26.0     4.590     -3.58                                        
6358.633      26.0     4.140     -1.66                                        
6358.653      26.0     4.368     -3.93                                        
6358.697      26.0     0.858     -4.47                                        
6363.776       8.0     0.020    -10.30                                        
6393.600      26.0     2.431     -1.62                                        
6399.646      26.0     3.981     -3.79                                        
6399.685      26.0     5.498     -2.28                                        
6400.001      26.0     3.603     -0.27                                  RUF14 
6400.316      26.0     0.914     -4.32                                  OBR91 
6400.336      92.1     0.669     -2.87                                        
6400.343      70.0     3.429     -0.31                                        
6400.355      15.0     8.109     -2.31                                        
6411.649      26.0     3.651     -0.59                                  DEN14 
6411.993      26.0     5.442     -2.04                                        
6421.209      26.0     5.330     -3.45                                        
6421.350      26.0     2.277     -2.01                                  OBR91 
6430.846      26.0     2.174     -1.95                                  OBR91 
6430.874      26.0     5.519     -3.21                                        
6430.934      26.0     5.474     -2.82                                        
6430.937      92.0     0.742     -1.91                                        
6431.010      62.1     1.358     -1.15                                 LAWLER 
6432.677      26.1     2.891     -3.50                               NISTC+   
6432.727      70.1     4.010     -0.75                                        
6439.075      20.0     2.524      0.47                                        
6439.165      20.0     5.485     -3.71                                        
6439.239      20.0     5.827     -4.09                                        
6449.808      20.0     2.519     -0.55                                        
6450.084      27.0     2.135     -2.13                                        
6455.598      20.0     2.521     -1.35                                        
6455.624      62.1     1.462     -1.99                                        
6456.182      59.0     1.200     -0.30                                        
6456.245      62.1     1.347     -2.25                                        
6456.381      26.1     3.903     -2.20                               NISTD    
6462.567      20.0     2.521      0.31                                        
6462.613      90.0     2.051     -0.21                                        
6471.662      20.0     2.524     -0.59                                        
6471.810      59.1     0.922     -1.33                                LINOHFS 
6482.796      28.0     1.934     -2.63                                        
6482.910      56.0     1.412      0.29                                        
6491.561      22.1     2.060     -1.79                                        
6493.781      20.0     2.519      0.14                                        
6494.980      26.0     2.402     -1.27                                        
6495.005      42.0     3.273     -2.29                                        
6499.650      20.0     2.521     -0.59                                        
6516.077      26.1     2.891     -3.37                               NISTC+   
6545.849      26.0     4.577     -3.42                                        
6545.993      26.0     5.310     -3.03                                        
6546.238      26.0     2.756     -1.65                                        
6556.062      22.0     1.459     -1.06                                 LAWLER 
6559.588      22.1     2.046     -2.02                                        
6572.779      20.0     0.000     -4.29                                        
6572.881      90.1     1.888     -2.25                                        
6586.310      28.0     1.949     -2.78                                 LAWLER 
6592.609      26.0     4.952     -2.13                                        
6592.913      26.0     2.725     -1.60                                        
6593.870      26.0     2.431     -2.42                                        
6608.025      26.0     2.277     -4.03                                        
6608.198      57.0     1.234     -0.78                                        
6608.952      26.0     4.188     -2.78                                        
6609.032      74.0     1.915     -2.53                                        
6609.110      26.0     2.557     -2.69                                        
6643.630      28.0     1.675     -2.22                                 LAWLER 
6677.954      26.0     2.557     -3.65                                        
6677.985      26.0     2.690     -1.47                                        
6678.158      70.0     3.429     -0.70                                        
6717.681      20.0     2.707     -0.61                                        
6717.692      20.0     5.878     -7.11                                        
6750.152      26.0     2.422     -2.62                                        
6750.213      66.0     1.250     -1.64                                        
6767.772      28.0     1.825     -2.14                                 LAWLER 
