4981.731      22.0     0.848     0.57 
4991.066      22.0     0.835     0.45 
5188.680      22.1     1.581     -1.21 
5206.023      24.0     0.941     0.02 
5208.409      24.0     0.941     0.17 
5226.543      22.1     1.565     -1.3 
5409.783      24.0     1.029     -0.67 
5476.904      28.0     1.825     -0.78 
5588.749      20.0     2.524     0.21 
5594.462      20.0     2.521     -0.05 
5889.951      11.0     0.000     0.12 
5895.924      11.0     0.000     -0.18 
6102.723      20.0     1.878     -0.89 
6122.217      20.0     1.884     -0.41 
6162.173      20.0     1.897     0.1 
6439.075      20.0     2.524     0.47 
6462.567      20.0     2.521     0.31 
6493.781      20.0     2.519     0.14 
8498.023      20.1     1.691     -1.31 
8542.091      20.1     1.699     -0.36 
8662.141      20.1     1.691     -0.62 