#
4871.318      26.0     2.865     -0.34 
4890.755      26.0     2.876     -0.38
4891.492      26.0     2.849     -0.14 
4920.502      26.0     2.830      0.06
4923.922      26.1     2.891     -1.21 
5018.435      26.1     2.891     -1.35 
5169.028      26.1     2.891     -0.87
5171.596      26.0     1.484     -1.72
5191.454      26.0     3.036     -0.55 
5192.344      26.0     2.996     -0.42
5216.274      26.0     1.607     -2.08
5232.940      26.0     2.938     -0.19
5234.624      26.1     3.221     -2.21 
5266.555      26.0     2.996     -0.49
5269.537      26.0     0.858     -1.33 
5324.179      26.0     3.211     -0.11 
5328.039      26.0     0.914     -1.47 
5371.489      26.0     0.957     -1.64
5383.369      26.0     4.309       0.5 
5397.128      26.0     0.914     -1.98 
5405.775      26.0     0.989     -1.85
5424.068      26.0     4.317      0.52
5429.696      26.0     0.957     -1.88
5434.524      26.0     1.010     -2.13 
5624.542      26.0     3.414     -0.76
5762.992      26.0     4.209     -0.36
6065.482      26.0     2.607     -1.53
6191.558      26.0     2.431      -1.6
6265.134      26.0     2.174     -2.54 
6430.846      26.0     2.174     -1.95
6677.985      26.0     2.690     -1.47