4602.941      26.0     1.484     -2.21                     
4620.513      26.1     2.828     -3.19                     
4630.120      26.0     2.277     -2.59                     
4643.464      26.0     3.651     -1.29                     
4643.520      26.0     3.639     -6.00                     
4647.242      26.0     2.843     -4.88                     
4647.434      26.0     2.947     -1.31                     
4661.970      26.0     2.988     -2.46                     
4662.006      26.0     4.412     -3.36                     
4662.097      26.0     2.725     -5.66                     
4731.439      26.1     2.891     -3.10                     
4733.591      26.0     1.484     -2.99                     
4736.773      26.0     3.209     -0.67                     
4786.807      26.0     3.015     -1.59                     
4789.576      26.0     4.470     -0.96                     
4789.651      26.0     3.544     -0.84                     
4789.709      26.0     4.151     -4.16                     
4800.507      26.0     4.217     -2.60                     
4800.554      26.0     3.299     -1.61                     
4800.649      26.0     4.140     -1.26                     
4871.318      26.0     2.865     -0.34                     
4872.138      26.0     2.880     -0.60                     
4872.314      26.0     4.831     -4.20                     
4890.755      26.0     2.876     -0.38                     
4890.910      26.0     4.217     -2.71                     
4891.492      26.0     2.849     -0.14                     
4903.310      26.0     2.882     -0.89                     
4918.954      26.0     4.151     -0.34                     
4918.994      26.0     2.863     -0.37                     
4920.463      26.0     4.280     -3.54                     
4920.502      26.0     2.830      0.06                     
4920.537      26.0     4.555     -3.16                     
4923.922      26.1     2.891     -1.21                     
4924.770      26.0     2.277     -2.11                     
4924.937      26.0     2.829     -5.73                     
4938.814      26.0     2.873     -1.08                     
4939.600      26.0     2.947     -4.12                     
4939.687      26.0     0.858     -3.25                     
4966.089      26.0     3.329     -0.79                     
4993.946      26.0     3.926     -3.55                     
4994.130      26.0     0.914     -2.97                     
5006.111      26.0     4.831     -2.07                     
5006.119      26.0     2.830     -0.61                     
5011.908      26.0     4.984     -2.29                     
5011.966      26.0     3.015     -5.56                     
5012.068      26.0     0.858     -2.60                     
5012.157      26.0     4.188     -0.94                     
5018.435      26.1     2.891     -1.35                     
5028.004      26.0     4.581     -3.24                     
5028.126      26.0     3.573     -1.02                     
5041.685      26.0     4.831     -3.19                     
5041.726      26.0     3.692     -2.87                     
5041.756      26.0     1.484     -2.20                     
5041.849      26.0     4.280     -0.87                     
5044.211      26.0     2.849     -2.15                     
5049.819      26.0     2.277     -1.35                     
5051.635      26.0     0.914     -2.76                     
5051.785      26.0     4.604     -4.24                     
5068.766      26.0     2.938     -1.23                     
5079.224      26.0     2.196     -2.10                     
5079.631      26.0     5.006     -1.62                     
5079.740      26.0     0.989     -3.25                     
5083.339      26.0     0.957     -2.84                     
5110.269      26.0     4.952     -0.95                     
5110.308      26.0     4.603     -3.31                     
5110.358      26.0     3.571     -1.37                     
5110.413      26.0     0.000     -3.76                     
5110.443      26.0     4.257     -2.46                     
5123.720      26.0     1.010     -3.06                     
5127.339      26.0     4.291     -2.31                     
5127.345      26.0     4.984     -1.72                     
5127.360      26.0     0.914     -3.25                     
5131.466      26.0     3.265     -4.45                     
5131.468      26.0     2.221     -2.52                     
5131.648      26.0     5.029     -3.24                     
5133.689      26.0     4.175      0.36                     
5141.556      26.0     3.692     -3.74                     
5141.739      26.0     2.422     -2.15                     
5150.840      26.0     0.989     -3.04                     
5151.911      26.0     1.010     -3.32                     
5162.273      26.0     4.175      0.02                     
5162.377      26.0     2.607     -4.48                     
5166.282      26.0     0.000     -4.12                     
5169.028      26.1     2.891     -0.87                     
5171.463      26.0     4.981     -3.15                     
5171.596      26.0     1.484     -1.72                     
5171.673      26.0     3.642     -2.27                     
5191.385      26.0     3.265     -4.19                     
5191.454      26.0     3.036     -0.55                     
5192.344      26.0     2.996     -0.42                     
5192.495      26.0     4.412     -4.28                     
5194.942      26.0     1.556     -2.02                     
5197.480      26.1     5.952     -2.72                     
5197.568      26.1     3.230     -2.05                     
5198.711      26.0     2.221     -2.09                     
5198.867      26.0     3.544     -3.55                     
5202.256      26.0     4.253     -1.87                     
5202.336      26.0     2.174     -1.87                     
5216.274      26.0     1.607     -2.08                     
5216.347      26.0     4.962     -3.69                     
5216.432      26.0     5.006     -3.74                     
5217.389      26.0     3.209     -1.07                     
5217.553      26.0     3.015     -6.36                     
5225.525      26.0     0.110     -4.75                     
5225.535      26.0     5.029     -2.11                     
5232.829      26.0     5.066     -3.96                     
5232.940      26.0     2.938     -0.19                     
5233.066      26.0     3.015     -4.80                     
5233.084      26.0     3.639     -4.82                     
5234.624      26.1     3.221     -2.21                     
5242.305      26.0     5.029     -4.12                     
5242.405      26.0     4.635     -2.23                     
5242.491      26.0     3.632     -0.84                     
5246.865      26.0     5.008     -2.99                     
5247.050      26.0     0.087     -4.97                     
5254.766      26.0     4.962     -4.09                     
5254.956      26.0     0.110     -4.76                     
5254.977      26.0     4.291     -1.72                     
5266.555      26.0     2.996     -0.49                     
5266.755      26.0     5.082     -1.99                     
5269.537      26.0     0.858     -1.33                     
5275.997      26.1     3.199     -1.90                     
5281.630      26.0     5.029     -2.63                     
5281.700      26.0     3.298     -3.58                     
5281.790      26.0     3.036     -1.02                     
5283.621      26.0     3.239     -0.45                     
5288.368      26.0     2.988     -5.29                     
5288.466      26.0     4.368     -2.68                     
5288.525      26.0     3.695     -1.49                     
5302.160      26.0     4.952     -4.11                     
5302.298      26.0     4.909     -3.45                     
5302.303      26.0     3.281     -0.73                     
5307.361      26.0     1.607     -2.91                     
5322.041      26.0     2.277     -2.80                     
5324.179      26.0     3.211     -0.11                     
5325.543      26.1     3.221     -3.26                     
5325.698      26.1     6.725     -3.72                     
5327.858      26.0     4.412     -2.54                     
5328.039      26.0     0.914     -1.47                     
5332.900      26.0     1.556     -2.78                     
5332.957      26.0     3.981     -4.44                     
5339.929      26.0     3.263     -0.63                     
5341.024      26.0     1.607     -1.95                     
5364.871      26.0     4.442      0.22                     
5365.356      26.0     4.730     -2.95                     
5365.399      26.0     3.571     -1.02                     
5367.466      26.0     4.412      0.35                     
5367.545      26.0     5.066     -3.64                     
5369.961      26.0     4.368      0.35                     
5371.437      26.0     4.431     -1.24                     
5371.489      26.0     0.957     -1.64                     
5371.600      26.0     4.309     -0.78                     
5379.574      26.0     3.692     -1.48                     
5383.369      26.0     4.309      0.50                     
5397.128      26.0     0.914     -1.98                     
5397.199      26.0     4.442     -0.13                     
5404.117      26.0     4.309      0.54                     
5404.151      26.0     4.431      0.52                     
5405.775      26.0     0.989     -1.85                     
5405.928      26.0     4.909     -1.73                     
5410.714      26.0     4.981     -3.17                     
5410.910      26.0     4.470      0.28                     
5414.089      26.1     3.221     -3.48                     
5415.199      26.0     4.383      0.50                     
5424.068      26.0     4.317      0.52                     
5424.142      26.0     4.073     -2.19                     
5424.239      26.0     4.984     -2.32                     
5429.504      26.0     4.188     -0.95                     
5429.562      26.0     3.544     -4.89                     
5429.696      26.0     0.957     -1.88                     
5429.842      26.0     4.470     -0.37                     
5434.524      26.0     1.010     -2.13                     
5497.516      26.0     1.010     -2.83                     
5501.290      26.0     2.756     -9.28                     
5501.465      26.0     0.957     -3.05                     
5506.779      26.0     0.989     -2.79                     
5534.839      26.1     3.245     -2.90                     
5569.618      26.0     3.414     -0.52                     
5572.842      26.0     3.394     -0.28                     
5576.002      26.0     2.221     -9.21                     
5576.089      26.0     3.428     -1.00                     
5586.756      26.0     3.366     -0.11                     
5586.767      26.0     4.257     -2.86                     
5586.820      26.0     3.692     -6.73                     
5615.597      26.0     2.756     -8.07                     
5615.620      26.0     4.188     -2.29                     
5615.644      26.0     3.332      0.04                     
5615.737      26.0     5.442     -3.45                     
5624.542      26.0     3.414     -0.76                     
5662.516      26.0     4.175     -0.41                     
5701.416      26.0     3.209     -4.45                     
5701.514      26.0     4.909     -1.40                     
5701.544      26.0     2.557     -2.22                     
5753.123      26.0     4.257     -0.62                     
5762.840      26.0     4.298     -2.49                     
5762.992      26.0     4.206     -0.45                     
5762.992      26.0     4.209     -0.36                     
5816.373      26.0     4.545     -0.68                     
5862.227      26.0     3.637     -4.23                     
5862.357      26.0     4.545     -0.05                     
5862.467      26.0     5.330     -3.53                     
5914.112      26.0     4.604     -0.40                     
5914.201      26.0     4.604     -0.14                     
5956.693      26.0     0.858     -4.50                     
5956.942      26.0     4.577     -3.06                     
5976.777      26.0     3.940     -1.50                     
6002.773      26.0     5.310     -3.16                     
6003.012      26.0     3.882     -1.10                     
6055.940      26.0     5.066     -2.49                     
6056.005      26.0     4.733     -0.32                     
6065.482      26.0     2.607     -1.53                     
6065.485      26.0     4.952     -3.91                     
6082.606      26.0     4.217     -3.71                     
6082.709      26.0     2.221     -3.55                     
6082.851      26.0     5.337     -3.94                     
6136.165      26.0     5.316     -3.55                     
6136.615      26.0     2.452     -1.40                     
6136.992      26.0     2.196     -2.93                     
6137.282      26.0     4.577     -1.61                     
6137.498      26.0     3.329     -3.07                     
6137.691      26.0     2.586     -1.40                     
6151.618      26.0     2.174     -3.37                     
6173.008      26.0     0.989     -7.47                     
6173.029      26.0     3.637     -5.13                     
6173.150      26.0     4.987     -4.27                     
6173.334      26.0     2.221     -2.88                     
6173.639      26.0     4.442     -3.39                     
6173.805      26.0     5.341     -3.71                     
6180.203      26.0     2.725     -2.78                     
6180.294      26.0     5.310     -2.42                     
6191.558      26.0     2.431     -1.60                     
6200.268      26.0     4.317     -4.00                     
6200.313      26.0     2.607     -2.44                     
6200.615      26.0     3.069     -4.86                     
6213.429      26.0     2.221     -2.48                     
6218.872      26.0     5.337     -2.38                     
6219.141      26.0     5.006     -2.08                     
6219.280      26.0     2.196     -2.45                     
6219.313      26.0     5.454     -2.71                     
6219.526      26.0     3.414     -6.21                     
6219.581      26.0     5.341     -4.17                     
6230.722      26.0     2.557     -1.28                     
6240.558      26.0     3.045     -8.20                     
6240.645      26.0     2.221     -3.17                     
6246.319      26.0     3.600     -0.77                     
6247.350      26.1     6.204     -2.08                     
6247.559      26.1     3.892     -2.40                     
6247.570      26.1     5.952     -4.01                     
6252.555      26.0     2.402     -1.69                     
6254.257      26.0     2.277     -2.43                     
6265.134      26.0     2.174     -2.54                     
6265.212      26.0     5.337     -3.22                     
6297.792      26.0     2.221     -2.64                     
6297.963      26.0     5.096     -3.15                     
6301.501      26.0     3.651     -0.71                     
6301.767      26.0     5.454     -3.17                     
6301.863      26.0     3.637     -4.53                     
6317.758      26.0     5.310     -4.18                     
6318.018      26.0     2.452     -2.23                     
6322.685      26.0     2.586     -2.43                     
6335.330      26.0     2.196     -2.18                     
6344.020      26.0     4.412     -3.64                     
6344.148      26.0     2.431     -2.92                     
6355.028      26.0     2.843     -2.42                     
6358.429      26.0     4.590     -3.58                     
6358.633      26.0     4.140     -1.66                     
6358.653      26.0     4.368     -3.93                     
6358.697      26.0     0.858     -4.47                     
6393.600      26.0     2.431     -1.62                     
6399.646      26.0     3.981     -3.79                     
6399.685      26.0     5.498     -2.28                     
6400.001      26.0     3.603     -0.27                     
6400.316      26.0     0.914     -4.32                     
6411.649      26.0     3.651     -0.59                     
6411.993      26.0     5.442     -2.04                     
6421.209      26.0     5.330     -3.45                     
6421.350      26.0     2.277     -2.01                     
6430.846      26.0     2.174     -1.95                     
6430.874      26.0     5.519     -3.21                     
6430.934      26.0     5.474     -2.82                     
6432.677      26.1     2.891     -3.50                     
6456.381      26.1     3.903     -2.20                     
6494.980      26.0     2.402     -1.27                     
6516.077      26.1     2.891     -3.37                     
6545.849      26.0     4.577     -3.42                     
6545.993      26.0     5.310     -3.03                     
6546.238      26.0     2.756     -1.65                     
6592.609      26.0     4.952     -2.13                     
6592.913      26.0     2.725     -1.60                     
6593.870      26.0     2.431     -2.42                     
6608.025      26.0     2.277     -4.03                     
6608.952      26.0     4.188     -2.78                     
6609.110      26.0     2.557     -2.69                     
6677.954      26.0     2.557     -3.65                     
6677.985      26.0     2.690     -1.47                     
6750.152      26.0     2.422     -2.62                     
